Epoch	AverageEpRet	StdEpRet	MaxEpRet	MinEpRet	EpLen	AverageVVals	StdVVals	MaxVVals	MinVVals	TotalEnvInteracts	LossPi	LossV	DeltaLossPi	DeltaLossV	Entropy	KL	ClipFrac	StopIter	Time
0	-392.31277	259.5822	-36.11145	-663.3838	575.6667	-0.10255652	0.086631484	0.21376	-0.5605252	4000	-1.04546544e-07	56573.848	-0.017548315	-9054.582	0.9189443	0.020208856	0.26175	2.0	10.344786167144775
1	-189.9642	242.03026	-11.774491	-666.1685	295.30768	-24.53741	7.0887	-5.212039	-67.8281	8000	-7.8678134e-08	48248.63	-0.008279997	-28652.246	0.9169567	0.017289648	0.25125	3.0	19.942455291748047
2	-118.266525	183.42462	2.0317736	-619.355	194.76471	-168.62505	38.58612	-35.038094	-324.38593	12000	1.1205673e-08	29509.574	-0.013814857	-5621.8105	0.9143395	0.016428407	0.27575	5.0	30.45216727256775
3	-111.139435	173.6434	0.71632016	-644.7725	177.18182	-218.62318	46.72182	-21.865772	-377.68655	16000	3.4570693e-08	42293.836	-0.011229058	-4528.8867	0.91091865	0.015952393	0.25875	5.0	43.289769411087036
4	-181.2993	231.85088	1.9142483	-654.45465	298.0	-238.74866	47.63944	-5.5300517	-386.18668	20000	1.2397766e-08	25808.355	-0.011102223	-3810.8066	0.9081096	0.016772864	0.30575	6.0	54.159162521362305
5	-142.56218	165.03276	10.534837	-586.6797	230.23529	-270.80917	54.318123	-4.1565557	-488.4791	24000	2.7656554e-08	34062.12	-0.062226735	-5583.375	0.90512556	0.007848566	0.3005	79.0	65.66493391990662
6	-64.38122	95.30777	5.441048	-512.9074	124.206894	-231.57306	51.306225	1.5020984	-398.3433	28000	2.3841857e-09	28802.904	-0.078083076	-10706.203	0.8944881	0.012914797	0.387	79.0	78.18815517425537
7	-88.62829	161.46614	18.412834	-560.92126	170.57895	-150.15184	36.79928	2.2393537	-273.37015	32000	-2.1100044e-08	23897.03	-0.015946591	-8047.706	0.88883156	0.016009906	0.309	5.0	88.56523370742798
8	-96.18899	147.22304	0.93570805	-566.59235	162.95454	-218.59544	55.991875	3.5549414	-370.51202	36000	-4.9114227e-08	16763.629	-0.011963578	-2610.0732	0.8880731	0.019119624	0.29875	4.0	98.02799987792969
9	-209.34128	207.41205	-24.574352	-560.70447	383.9	-231.27094	61.020973	5.5547967	-381.87164	40000	-3.0994416e-09	17454.98	-0.011989219	-6584.0723	0.8862282	0.021038346	0.31975	4.0	108.38662052154541
10	-96.768196	140.56726	-1.9803714	-557.4023	165.5	-263.91885	89.83625	8.341837	-486.72485	44000	-1.5377998e-08	22966.0	-0.009407879	-6430.508	0.88357055	0.019600565	0.24775	3.0	117.3916027545929
11	-122.1498	179.36908	6.7673845	-574.47766	235.17647	-280.7308	108.50239	12.92288	-504.721	48000	-3.2901763e-08	23306.734	-0.0062573804	-3733.1348	0.881816	0.021288108	0.2565	3.0	127.18395853042603
12	-75.8354	121.32151	-1.0391825	-560.47406	129.0	-245.20569	123.94965	11.736583	-526.5754	52000	2.6226044e-08	17310.322	-0.007707459	-2890.5	0.8801412	0.01703282	0.2705	3.0	136.61048698425293
13	-90.23003	155.71571	-3.523462	-633.7759	135.34616	-238.73166	131.81404	14.032064	-577.4998	56000	3.552437e-08	29665.812	-0.008908584	-5853.76	0.87865883	0.019441467	0.3005	4.0	146.03902530670166
14	-95.56691	142.28268	0.9277138	-528.16064	152.66667	-280.65506	128.73802	14.209336	-574.50134	60000	-4.7683715e-09	20095.688	-0.011251708	-2739.9434	0.8762732	0.015894141	0.18275	3.0	155.8725233078003
15	-225.39586	263.87747	-11.046986	-624.28467	391.77777	-344.04553	112.54386	15.015085	-571.6179	64000	-1.0490417e-08	16840.633	-0.005848275	-3733.7588	0.87447643	0.016018456	0.23575	3.0	165.91690802574158
16	-94.20359	155.83855	-1.541199	-618.28107	154.45833	-323.79843	125.4842	12.207326	-605.93616	68000	-3.194809e-08	28096.531	-0.009197878	-11507.014	0.8726522	0.015556416	0.3245	4.0	175.37066745758057
17	-66.231705	101.55651	2.8517232	-611.5935	90.567566	-232.76616	191.70303	19.694082	-667.9213	72000	4.7683715e-09	20250.549	-0.013415046	-2448.2246	0.8697202	0.01894635	0.34575	5.0	184.59004521369934
18	-68.098495	100.225426	2.5111217	-587.91254	110.28125	-224.02377	190.76355	20.470802	-722.5547	76000	-5.662441e-09	29260.906	-0.012357113	-10294.918	0.8664927	0.016542159	0.25975	4.0	193.66621041297913
19	-118.14955	175.47711	21.980524	-654.8497	187.42857	-202.96597	136.1735	16.662977	-557.40814	80000	3.8146974e-09	32038.363	-0.010972271	-5951.9746	0.86428237	0.021341	0.33325	4.0	203.20427131652832
20	-88.91254	153.01602	-1.5518478	-609.3309	138.08	-259.5917	136.24605	15.5850725	-537.963	84000	0.0	20110.895	-0.009408979	-8070.752	0.8625168	0.01850278	0.2705	4.0	213.26273012161255
21	-76.80802	137.8527	5.9225354	-639.4014	114.08572	-256.25055	176.68985	16.343561	-630.3048	88000	1.8119811e-08	20183.057	-0.012723751	-3375.1875	0.8613753	0.01736496	0.301	5.0	222.74058532714844
22	-100.42371	170.63823	3.388372	-653.0296	156.34782	-281.49768	191.03473	17.839441	-644.98694	92000	-2.6226044e-09	28380.879	-0.011137341	-5695.2715	0.8610209	0.016448908	0.2715	4.0	232.51288175582886
23	-79.17711	118.08775	11.15485	-678.3206	106.47222	-250.82085	187.16402	16.18796	-691.1599	96000	1.168251e-08	27042.992	-0.011406887	-8940.471	0.86053514	0.017884579	0.282	4.0	241.9103648662567
24	-59.987526	71.90755	9.337705	-367.79633	83.725	-132.27007	164.24223	22.501362	-681.5689	100000	1.7166137e-08	16879.346	-0.015821878	-1733.3965	0.85932255	0.015332636	0.3165	6.0	251.90559196472168
25	-78.916306	118.83699	22.096226	-725.76056	101.10256	-172.55037	173.55656	23.446236	-667.4297	104000	1.9073487e-09	13244.444	-0.009679842	-3426.0586	0.85648227	0.016438855	0.29525	3.0	262.262446641922
26	-78.24635	115.480934	-5.254084	-726.59485	101.23684	-201.38069	220.40126	24.404016	-767.3703	108000	-1.525879e-08	19645.084	-0.00812554	-4465.1084	0.8545796	0.017810486	0.2665	3.0	272.30700397491455
27	-50.206593	113.084656	10.82629	-862.6277	71.25	-172.83392	219.6296	26.732544	-822.8979	112000	1.07288365e-08	39528.008	-0.007319614	-6691.0586	0.852824	0.017765088	0.27375	3.0	281.52527236938477
28	-61.569386	145.09485	9.314842	-744.7052	85.065216	-324.89716	263.28842	37.086685	-868.5911	116000	0.0	15257.779	-0.009629024	-6544.923	0.8514795	0.018931823	0.27425	4.0	291.15345191955566
29	-49.534027	111.51672	16.529099	-784.62335	65.755104	-265.79837	260.21127	32.229965	-760.0056	120000	4.2915342e-09	15092.683	-0.012049629	-3462.8271	0.8498577	0.01881264	0.3255	4.0	300.180917263031
30	-37.881073	32.897736	18.248049	-174.76424	51.89189	-64.19492	80.65999	25.457773	-631.1756	124000	1.4126301e-08	9485.052	-0.010582326	-7407.858	0.8484218	0.019614734	0.275	4.0	308.91549015045166
31	-88.32963	177.63866	20.157585	-747.30554	128.7	-165.05382	161.48029	38.356922	-569.5365	128000	-7.390976e-09	34495.52	-0.011753264	-21598.574	0.846933	0.019074593	0.28725	4.0	318.17333126068115
32	-69.0113	144.75514	-1.2824755	-803.82166	92.976746	-259.2473	223.05846	12.123768	-620.3392	132000	-1.4781952e-08	24069.629	-0.009580807	-3980.7441	0.8452119	0.01724424	0.28025	4.0	327.14178824424744
33	-79.35203	168.85603	3.9971256	-787.78436	103.02631	-306.90237	233.93983	6.984677	-682.71246	136000	-1.0728836e-09	20253.898	-0.012835905	-4235.4707	0.8433073	0.015535044	0.20025	3.0	336.23681592941284
34	-57.275017	146.68256	17.15628	-794.611	80.702126	-351.7353	269.1805	6.3130608	-736.14777	140000	9.059906e-09	23412.72	-0.0076005384	-2495.8906	0.84178233	0.016338497	0.25275	3.0	345.39360642433167
35	-75.425545	138.02277	1.5641209	-743.28156	94.14634	-298.06476	269.6919	6.780242	-778.47455	144000	-2.6822091e-09	55710.016	-0.009268798	-19657.39	0.84058493	0.018341787	0.2035	3.0	354.63486671447754
36	-55.7264	111.93432	5.4068203	-815.6834	66.64815	-209.85274	188.5262	1.9836222	-773.4998	148000	1.192093e-10	31280.354	-0.010410841	-11775.002	0.8393971	0.02170954	0.2775	3.0	364.472234249115
