Epoch	AverageEpRet	StdEpRet	MaxEpRet	MinEpRet	EpLen	AverageVVals	StdVVals	MaxVVals	MinVVals	TotalEnvInteracts	LossPi	LossV	DeltaLossPi	DeltaLossV	Entropy	KL	ClipFrac	StopIter	Time
0	-325.83185	270.23483	-21.535933	-670.0686	496.2857	-0.1003014	0.087331675	0.18755165	-0.519425	4000	4.6014787e-08	3383.3137	-0.018819254	-1971.3119	0.9189443	0.023222268	0.27125	2.0	13.189887523651123
1	-249.6677	262.92822	-9.712786	-694.0223	419.1111	-23.108839	6.684369	-5.752599	-55.224026	8000	2.2649765e-08	1207.66	-0.010832795	-726.9075	0.91694295	0.01655419	0.258	3.0	26.115789651870728
2	-57.8493	46.934433	-4.3684864	-202.63322	84.18421	-48.815056	11.441452	-8.369291	-90.30994	12000	-2.9802323e-09	942.8743	-0.012432557	-370.24182	0.91441405	0.01565408	0.26825	5.0	39.38685727119446
3	-81.31931	121.665436	1.7810805	-653.2612	137.93103	-31.813072	7.310744	-3.9187932	-57.192036	16000	3.4570693e-09	612.709	-0.012989713	-54.394897	0.91072017	0.01620531	0.2545	6.0	52.56577491760254
4	-122.13448	202.72287	-1.779173	-592.7034	219.22223	-33.868454	7.6743727	-3.3450725	-64.3247	20000	-1.0490417e-08	511.61093	-0.01124706	-173.22253	0.9062944	0.017510608	0.231	5.0	66.10740065574646
5	-171.93332	176.77606	-16.023304	-525.50793	306.1	-42.578907	9.738448	-2.8898668	-81.57479	24000	1.6331672e-08	359.5123	-0.06169739	-64.13202	0.90275466	0.0038204284	0.30575	79.0	81.87030529975891
6	-128.79652	186.52269	-4.61364	-585.3086	237.92308	-43.206764	8.1471	-2.7324538	-75.75472	28000	2.0503998e-08	356.04355	-0.013520753	-44.915985	0.8923319	0.016052771	0.29375	5.0	95.79213643074036
7	-103.3869	168.7722	-1.0466439	-551.8169	201.6842	-45.255444	7.875311	-1.6664631	-70.53358	32000	2.384186e-10	302.4439	-0.014348802	-54.683044	0.8900179	0.015767759	0.27325	5.0	109.12317442893982
8	-54.44937	90.99791	1.7736838	-480.0592	105.828575	-38.944775	9.092688	-0.41054392	-67.37459	36000	7.927418e-09	710.85034	-0.013312443	-148.96747	0.8855665	0.01784512	0.2925	5.0	122.34070539474487
9	-74.9172	121.21745	5.8203745	-468.0959	183.2381	-30.152767	8.285236	-0.090404764	-54.815704	40000	0.0	274.56982	-0.012142111	-30.160706	0.8802257	0.020879952	0.28475	4.0	136.4269380569458
10	-84.88362	136.48338	5.7024055	-478.742	197.26315	-30.288004	8.559678	0.12212326	-53.24346	44000	5.841255e-09	293.36584	-0.010463102	-50.619247	0.8755826	0.016607074	0.3065	5.0	149.45701050758362
11	-106.17577	143.55823	9.79656	-489.11438	219.13333	-38.050217	9.549356	0.27126795	-60.08877	48000	1.1324882e-08	243.96625	-0.01286425	-23.15422	0.86957544	0.019022169	0.2185	3.0	162.6496386528015
12	-92.15646	151.66412	21.19051	-419.9169	245.875	-36.223766	8.734183	0.14725542	-60.1703	52000	-1.2040139e-08	244.14238	-0.0094239265	-22.83046	0.8659372	0.016410511	0.26975	3.0	176.17378091812134
13	-100.5393	148.58534	6.2730823	-456.93854	232.17647	-33.00431	8.650934	0.11626248	-56.095943	56000	1.1444092e-08	191.41684	-0.0064990744	-14.813461	0.86225367	0.016415725	0.2805	4.0	189.49471831321716
14	-66.25152	103.238754	24.895788	-394.1382	180.81818	-30.579735	9.789723	0.12197772	-64.03713	60000	2.2649764e-09	223.79097	-0.009189714	-24.91008	0.85738766	0.01948524	0.277	4.0	202.74886560440063
15	-56.738667	88.040504	13.036593	-394.4166	165.80952	-27.241375	9.66219	0.07750732	-54.770042	64000	-1.0371208e-08	294.14133	-0.012073855	-20.287994	0.85310185	0.01785856	0.2625	4.0	215.82752346992493
16	-63.966496	107.88884	12.549731	-387.1136	169.26315	-28.02053	8.063265	-0.04131137	-50.410336	68000	-1.5735626e-08	142.76083	-0.009604993	-26.117699	0.84928113	0.019399712	0.27575	4.0	229.077045917511
17	-44.53865	79.68588	23.76851	-373.78317	163.41667	-26.620941	11.094936	0.021332994	-56.470726	72000	4.1007997e-08	397.49228	-0.01335643	-122.32211	0.8447394	0.017889665	0.33325	5.0	242.37285614013672
18	-59.410416	96.1625	3.0948398	-381.46283	172.0	-20.646946	7.687097	-0.09650034	-48.533783	76000	9.775162e-09	192.70001	-0.011556214	-38.7361	0.8389795	0.01944914	0.284	5.0	255.71169996261597
19	-88.705864	141.5091	33.23526	-418.1468	282.0	-24.676622	8.505509	-0.057836443	-47.76398	80000	-1.4305115e-09	327.93774	-0.01193689	-30.851013	0.8337233	0.021394322	0.245	4.0	268.84878849983215
20	-32.970406	40.70438	26.400175	-126.811676	142.32143	-22.636368	8.234655	-0.4351682	-54.569893	84000	1.2397766e-08	369.55463	-0.01039615	-107.534485	0.8295827	0.021456165	0.2895	4.0	281.89217042922974
21	-36.912624	62.111584	21.125212	-299.71365	161.41667	-14.44459	5.1634865	-0.41296768	-32.568356	88000	-1.8000602e-08	221.94548	-0.00997574	-15.875549	0.8254245	0.02234285	0.28625	4.0	295.0666604042053
22	-70.83787	92.87652	0.23213895	-301.37668	216.66667	-17.765453	5.823843	-0.23074418	-39.630272	92000	-2.1219254e-08	307.3958	-0.011792089	-87.121155	0.821243	0.018651554	0.32325	5.0	308.54040479660034
23	-33.784977	65.67801	29.176355	-263.972	131.2	-24.325508	8.066703	-0.4173206	-45.70238	96000	-9.536743e-09	213.87535	-0.011827079	-67.31543	0.8158076	0.0167327	0.23475	4.0	321.93913292884827
24	-62.394684	91.88575	7.3059006	-298.236	232.57143	-22.220633	8.76539	-0.09203082	-43.202587	100000	-1.168251e-08	127.26278	-0.0093269665	-19.107262	0.811238	0.015274283	0.266	4.0	334.9416251182556
25	-20.957113	47.10628	35.661705	-272.9945	97.04878	-17.542645	6.80756	-0.34161916	-37.290558	104000	7.152557e-09	192.54355	-0.0121862665	-53.486008	0.8062146	0.015619054	0.27625	6.0	348.1421389579773
26	-33.21074	61.60785	54.82374	-279.46085	141.62962	-14.960979	8.716456	0.14303778	-42.05275	108000	-1.0490417e-08	321.2224	-0.01037984	-30.29602	0.79898447	0.016693909	0.25325	5.0	361.15560722351074
27	-30.083174	56.206177	51.481712	-224.50945	132.4	-13.041699	7.1735153	0.33990103	-34.785114	112000	6.198883e-09	311.76974	-0.011814652	-30.315918	0.7936169	0.016082242	0.211	4.0	374.6449546813965
28	-25.577831	81.18902	88.468216	-274.89465	148.18182	-18.735664	7.747391	0.17889123	-42.942364	116000	-4.053116e-09	251.35622	-0.009748337	-31.037674	0.7895874	0.020091312	0.27575	4.0	388.1593191623688
29	-17.771887	42.091362	28.184206	-233.98753	104.052635	-12.731838	8.033699	0.14057061	-40.636147	120000	-9.298325e-09	174.68106	-0.007939122	-15.891632	0.7854073	0.019769454	0.22825	4.0	401.52962279319763
30	-9.036906	48.177505	62.062187	-232.42403	114.333336	-12.109112	8.001498	0.30186582	-35.226196	124000	-2.1219254e-08	219.98141	-0.010502758	-28.864578	0.7815329	0.017361691	0.2785	4.0	415.04539728164673
31	-37.39093	66.88536	47.521988	-179.17455	161.10527	-11.104302	8.109578	0.8262804	-33.90711	128000	1.6212464e-08	424.99957	-0.011160707	-123.432556	0.7774714	0.018072627	0.26625	4.0	428.0388123989105
32	-21.683437	51.13897	27.314148	-189.20938	157.72	-17.723312	8.684006	0.65132105	-44.2791	132000	1.9788741e-08	324.0023	-0.01099528	-73.8755	0.7730294	0.021175653	0.2695	4.0	441.6120517253876
33	-36.072197	53.1821	24.7863	-169.76456	216.16667	-14.730909	7.7375455	0.9143404	-38.729374	136000	9.030104e-09	147.43709	-0.070875205	-27.024574	0.7687185	0.013184912	0.34175	79.0	456.9690351486206
34	-11.792483	47.76291	45.960217	-176.65413	171.05556	-12.902034	6.08195	0.24383889	-34.758656	140000	2.5749207e-08	158.6303	-0.014077786	-34.35402	0.75472987	0.0155076	0.2575	4.0	470.3135726451874
35	-2.9856381	34.65634	51.14192	-112.82083	128.54839	-6.6891403	6.5354853	0.9733257	-29.187685	144000	-1.7762185e-08	243.96976	-0.01124209	-23.083649	0.7537209	0.018139232	0.20625	3.0	483.05981945991516
36	-19.414993	55.740337	43.625694	-212.34216	126.6	-8.569934	8.229789	2.5800688	-32.292034	148000	1.502037e-08	238.53123	-0.008089065	-39.63208	0.752034	0.017151972	0.234	3.0	493.4268128871918
37	-12.592569	62.247547	83.09406	-227.09291	181.59091	-10.118328	8.710954	4.045533	-41.592995	152000	9.536743e-09	266.57474	-0.008407242	-30.10933	0.749848	0.02034991	0.29	3.0	503.73779821395874
38	-0.4620316	33.245045	60.008587	-79.519264	165.36842	-11.889613	8.718908	5.6518373	-40.267704	156000	-8.2850455e-09	128.29608	-0.006904079	-35.63067	0.7473034	0.017167142	0.257	3.0	514.6491234302521
39	-4.096711	44.054024	51.153423	-123.173355	226.0	-8.68819	8.6767845	8.559291	-29.257433	160000	-8.106232e-09	115.86015	-0.011450231	-21.87893	0.7444716	0.02212318	0.259	3.0	526.1399357318878
40	-10.109687	38.91588	37.60803	-156.11134	166.58333	-4.80883	10.618992	11.8700285	-40.11892	164000	1.168251e-08	192.0845	-0.008008146	-38.557755	0.7411367	0.02442296	0.301	3.0	538.0519094467163
41	1.7068622	32.155437	60.018707	-128.58115	107.548386	-6.9759307	8.13092	8.764525	-30.027859	168000	9.298325e-09	227.69957	-0.0082664015	-42.97664	0.7376492	0.015106137	0.155	2.0	548.2906038761139
42	4.473065	52.382233	50.388065	-153.7469	254.92308	-6.0406904	6.209282	10.393075	-20.886421	172000	1.2397766e-08	206.03725	-0.006218283	-65.428024	0.7353283	0.02444657	0.28525	3.0	558.9912621974945
43	-19.297297	44.198456	61.69521	-99.50747	314.16666	-6.4852023	11.61661	24.513258	-27.13424	176000	5.2452087e-09	119.297356	-0.008714725	-52.151558	0.73188287	0.017381031	0.2925	4.0	569.9262804985046
44	-10.090888	32.898003	41.98182	-113.00156	246.0	-5.868227	6.584338	11.87359	-26.186615	180000	-1.1920929e-08	148.78745	-0.010548235	-16.939133	0.7269733	0.018564489	0.2795	4.0	582.4344344139099
45	-0.5291526	26.488049	63.272114	-73.94375	114.22581	-3.6851172	5.653635	14.953504	-20.785135	184000	-1.4662743e-08	224.6962	-0.01221226	-40.011734	0.72203267	0.01717633	0.315	5.0	595.7451393604279
46	-42.657677	29.294666	1.8754712	-75.990036	555.1667	-7.3216033	4.7303944	17.309246	-29.232216	188000	-1.3113022e-08	75.66058	-0.012881897	-19.34851	0.7168077	0.01786849	0.23125	3.0	608.8147623538971
47	-7.7671204	39.30357	65.49659	-97.80769	200.11111	-6.816492	4.1341677	11.359773	-19.540464	192000	5.1259996e-09	98.44061	-0.0076854033	-17.845734	0.71379566	0.020341653	0.27175	3.0	621.9269464015961
48	-2.0598712	19.642351	62.21503	-56.984337	140.76923	-2.8927374	5.425236	16.721739	-17.75222	196000	-5.9604646e-09	127.2046	-0.006896856	-15.289749	0.710411	0.016331196	0.21575	3.0	633.7649073600769
49	8.936361	18.75801	52.15263	-21.910343	197.5625	-3.3575404	3.5647893	11.429449	-12.552098	200000	3.3974648e-09	224.56888	-0.010418849	-33.08185	0.70682746	0.018627804	0.28075	4.0	644.388808965683
50	0.7891022	26.439606	41.46665	-73.73097	171.95454	0.32750618	5.471645	19.420126	-13.832797	204000	-1.5735626e-08	109.979614	-0.012136072	-15.587158	0.7021154	0.021283163	0.23975	3.0	654.6835696697235
51	7.250067	21.512524	53.549465	-43.406685	225.4	-2.6218393	4.3755713	14.356343	-20.93524	208000	9.179115e-09	100.42508	-0.010570123	-10.582565	0.69889987	0.015440029	0.29	4.0	665.6881353855133
52	11.434763	32.03994	69.913506	-53.50452	421.0	-1.0094973	4.1011405	16.538754	-8.131575	212000	1.07288365e-08	78.77572	-0.0090778135	-12.757706	0.69454294	0.018200714	0.26425	4.0	680.1365821361542
53	1.258315	40.01012	107.00411	-75.39554	222.16667	0.95631266	6.3215237	18.920406	-13.587669	216000	-2.3841857e-09	213.63788	-0.009801845	-31.398193	0.6895241	0.01687396	0.25025	4.0	693.5835847854614
54	22.705063	39.34406	102.19628	-43.463497	244.625	0.75703114	7.473684	27.492004	-12.726794	220000	-2.861023e-09	218.1885	-0.011881181	-62.774307	0.6845272	0.018888641	0.22275	3.0	707.2371008396149
55	9.408094	55.14626	96.80021	-136.39581	263.64285	3.1227002	7.192256	25.091457	-11.382411	224000	-7.390976e-09	278.31375	-0.009397801	-57.70253	0.6809204	0.01757073	0.236	3.0	720.79332447052
56	18.49702	24.888994	76.215775	-13.952612	261.73334	-0.7424362	6.178846	28.009851	-15.593791	228000	-8.106232e-09	79.97831	-0.007900855	-29.160717	0.6774472	0.018511388	0.324	4.0	734.8578419685364
57	16.536901	40.98134	76.90617	-55.221756	425.0	3.1569493	5.2898006	24.219353	-8.666563	232000	-9.775162e-09	187.74138	-0.009147252	-26.907562	0.6731513	0.016193632	0.20075	3.0	748.6205112934113
58	36.455917	45.17354	132.66504	-20.476114	348.54544	2.5769868	5.425486	21.684786	-11.097832	236000	1.4305115e-09	164.99248	-0.009016613	-49.24768	0.67021203	0.019429693	0.2795	4.0	762.0514273643494
59	33.61542	46.50126	189.44894	-19.921455	219.47058	6.7012215	7.173947	32.417694	-11.788325	240000	2.157688e-08	196.7401	-0.011795985	-36.48044	0.6665263	0.016693326	0.28125	5.0	775.6476063728333
60	16.066282	24.708326	90.50851	-18.346182	147.16	9.396264	7.351579	32.814266	-8.831181	244000	-2.4199485e-08	173.20924	-0.010660332	-53.481087	0.6616164	0.021415908	0.24325	4.0	789.3208875656128
61	25.64148	31.859035	95.22663	-36.78038	177.76471	5.0303807	5.6605954	33.600964	-10.916981	248000	-4.6491624e-09	114.03768	-0.010086736	-24.46563	0.6575484	0.020778373	0.28575	4.0	803.0717678070068
62	15.485548	28.84769	49.67494	-47.55288	415.55554	2.3340268	5.49539	32.26673	-13.330457	252000	-1.7166137e-08	88.80454	-0.011481861	-31.147587	0.65329367	0.018920174	0.21175	3.0	816.6697683334351
63	12.211443	26.379847	43.089966	-39.642227	263.35715	2.6757169	3.6164255	23.012377	-14.967493	256000	7.1823596e-09	108.68183	-0.0072591687	-21.87925	0.64996415	0.015462671	0.241	4.0	830.1071119308472
64	22.236874	36.838417	93.86242	-58.716114	329.5	3.5425165	4.3594327	22.67286	-20.74727	260000	1.1920929e-08	105.18251	-0.01217975	-24.51912	0.64538723	0.018800985	0.29375	4.0	843.447448015213
65	28.616606	66.716774	165.4682	-100.46774	343.54544	4.7586093	5.969817	28.852375	-15.48012	264000	5.00679e-09	228.36478	-0.010151971	-70.16269	0.64098185	0.02169509	0.28	4.0	856.7380340099335
66	44.200905	51.84298	134.82079	-11.867472	438.33334	5.576832	8.2241745	42.065792	-22.433485	268000	1.3351441e-08	116.24138	-0.011960277	-37.819824	0.6368271	0.0209175	0.29625	4.0	871.0365233421326
67	32.542503	34.675232	94.622574	1.4247245	464.57144	4.7795568	6.180618	37.990864	-15.925566	272000	-3.3378602e-09	112.41721	-0.009876034	-30.252655	0.6325271	0.017753847	0.2825	4.0	884.7641499042511
68	53.672882	63.623558	223.67151	-3.4580152	381.5	7.944647	5.596946	40.983173	-6.634962	276000	5.4836273e-09	201.86003	-0.010473165	-76.892075	0.6280598	0.021572474	0.27025	4.0	899.7560575008392
69	43.686012	41.14985	136.88501	-2.516312	443.125	8.206908	5.558956	36.76454	-10.634797	280000	3.0994416e-09	69.75073	-0.008259901	-28.595032	0.623653	0.021876441	0.23575	3.0	913.5428152084351
70	26.499825	36.038517	106.352234	-18.740738	244.53334	7.960967	5.717789	33.073635	-11.011151	284000	1.6450882e-08	74.40841	-0.01218152	-28.149723	0.6204656	0.016975062	0.3015	5.0	927.5491514205933
71	89.468056	49.057896	165.66325	11.259428	711.2	8.715814	3.5508204	27.492348	-7.560234	288000	-7.390976e-09	88.26713	-0.012564137	-39.801712	0.6149352	0.016366739	0.2005	4.0	942.9659252166748
72	29.578003	73.32607	220.21597	-164.37756	245.125	9.68486	8.937212	43.059277	-12.975062	292000	-1.5974045e-08	398.17413	-0.010075361	-136.06049	0.610035	0.016314415	0.1585	3.0	957.7640163898468
73	71.65016	118.734055	347.57565	-69.90467	468.125	14.839711	9.489473	46.894955	-24.99672	296000	3.8146974e-09	424.51755	-0.007826956	-185.12271	0.60648733	0.020038059	0.2205	3.0	975.4018614292145
74	46.91477	63.540237	175.87704	-37.705265	283.45456	10.861653	8.360718	54.170624	-24.976027	300000	-8.8214875e-09	174.80641	-0.011005515	-41.196625	0.60327286	0.01876638	0.28425	4.0	991.1189768314362
75	61.159798	95.15332	188.63799	-74.63676	636.8	8.523096	7.20064	44.067707	-22.874374	304000	1.1444092e-08	115.920235	-0.009060395	-36.808296	0.5989197	0.019330861	0.27175	4.0	1009.0537083148956
76	92.48957	73.20626	223.36615	-6.593126	513.0	11.171039	7.9246807	45.02602	-25.252388	308000	-4.172325e-09	173.33011	-0.010008296	-65.89558	0.5947953	0.020663684	0.26125	4.0	1024.721548318863
77	50.298416	38.479256	171.00099	5.6416206	241.25	16.031069	7.2522945	42.301502	-7.441277	312000	4.2915342e-09	251.52724	-0.010203504	-112.09291	0.59109014	0.015153931	0.1375	3.0	1039.7992215156555
78	38.316223	42.487858	193.01091	3.3216634	232.11765	12.561336	10.524188	38.79865	-30.79453	316000	-2.026558e-09	192.35481	-0.008170768	-68.39939	0.58836436	0.022246476	0.334	4.0	1053.9928331375122
79	55.991917	49.797703	168.72917	-3.3491325	307.07693	11.84261	6.0738673	35.47775	-17.344158	320000	-4.6491624e-09	116.84064	-0.01091847	-30.189903	0.5846943	0.020658867	0.2785	4.0	1069.7815902233124
80	45.532215	54.380375	149.26736	-15.531968	336.55554	8.030479	7.5884905	32.08339	-13.57671	324000	1.9073487e-09	199.29308	-0.0096842935	-76.79311	0.581207	0.019625233	0.2555	4.0	1085.8241488933563
81	86.47264	75.121666	217.91339	-25.097702	470.0	14.681671	9.62011	41.052723	-11.078135	328000	-5.4836273e-09	173.58575	-0.0105277365	-51.952744	0.5780772	0.023102472	0.2995	4.0	1099.4129571914673
82	63.02779	50.92358	136.75691	-2.5539067	242.15384	15.472904	10.78397	40.21661	-16.73801	332000	-2.9563903e-08	205.42398	-0.013541903	-68.67825	0.5750082	0.01812872	0.29525	5.0	1115.1908655166626
83	113.80024	101.24648	284.28772	-12.830724	424.44446	20.073633	5.919318	44.76616	-11.312822	336000	-1.168251e-08	213.39218	-0.009747352	-105.332504	0.57101613	0.018682605	0.272	4.0	1128.839426279068
84	166.43314	75.58188	242.98813	38.118916	720.6	21.472515	7.9696913	48.65352	-5.572057	340000	9.536743e-09	142.55724	-0.011029033	-56.15116	0.56755847	0.022166828	0.2785	4.0	1144.0692188739777
85	62.94895	71.09682	214.30594	-22.169968	323.72726	22.13522	11.003273	55.46701	-8.927351	344000	1.5497207e-08	344.81497	-0.06422815	-215.45702	0.56397384	0.01505826	0.308	70.0	1161.4569065570831
86	122.348465	76.409904	260.743	40.625053	416.5	17.93781	5.191263	32.25656	-5.3283467	348000	2.1994113e-08	118.37226	-0.014642254	-57.78124	0.5550748	0.017352793	0.313	5.0	1175.2606649398804
87	98.40454	67.61283	234.60484	16.726868	314.66666	22.141016	5.857036	42.09813	-0.84964037	352000	-1.5497207e-08	108.113686	-0.011166424	-23.388031	0.55331385	0.01664092	0.25675	4.0	1188.6259722709656
88	104.93324	101.01472	322.07666	1.377971	412.55554	21.303312	6.847853	44.10267	-0.07278269	356000	-2.2411346e-08	265.92813	-0.008624762	-107.03073	0.5508451	0.015091708	0.1745	3.0	1203.92400431633
89	197.24672	59.20504	284.54803	141.44489	875.25	20.925245	10.553443	62.724857	-13.671808	360000	1.3828277e-08	143.33035	-0.007594136	-50.087532	0.5487278	0.021730972	0.29175	3.0	1217.5780231952667
90	115.37572	86.83099	262.8597	36.062103	430.625	23.08315	6.75406	49.094692	3.7798874	364000	-1.680851e-08	116.92216	-0.006500741	-42.18782	0.54643595	0.01571256	0.223	3.0	1231.1533133983612
91	248.50827	48.96016	328.09573	199.38455	1000.0	19.605848	5.273583	44.340343	-0.002799578	368000	-9.894371e-09	130.24428	-0.0089236405	-62.94864	0.5439758	0.01884762	0.199	3.0	1244.4411811828613
92	105.865295	90.9776	252.12256	1.3659354	460.625	23.062462	9.1261835	52.233803	-7.8859644	372000	-2.5987624e-08	156.18997	-0.008158471	-89.538734	0.5416912	0.017300427	0.25025	4.0	1260.0945196151733
93	120.07138	100.67678	267.19162	28.858402	377.1111	20.818325	6.0772176	52.20374	-2.9801767	376000	-4.529953e-09	180.08347	-0.07011926	-60.8124	0.5385264	0.015377619	0.342	66.0	1276.3401980400085
94	108.107765	106.098305	294.4962	7.3387604	315.25	26.811438	5.0573316	47.36366	7.767995	380000	6.198883e-09	118.82522	-0.0152064795	-44.44689	0.5248951	0.023264613	0.2895	4.0	1290.214231967926
95	168.69627	103.91518	274.56577	13.269923	628.3333	23.490316	5.6358643	50.31698	1.4363036	384000	4.768372e-10	83.3805	-0.010522543	-19.356117	0.5237952	0.020732163	0.274	4.0	1303.8294064998627
96	147.33289	92.387054	283.6596	39.717316	540.8571	24.57787	4.6656938	41.438053	-0.37756395	388000	-9.298325e-09	128.59744	-0.010227952	-65.54292	0.52188313	0.019808657	0.30375	4.0	1318.9368035793304
97	94.81981	108.370186	322.3364	-0.67453647	384.3	19.55234	9.18316	47.504913	-15.356386	392000	1.9431114e-08	289.07507	-0.008823609	-89.39114	0.51927936	0.015904754	0.19725	3.0	1334.7877206802368
98	108.618675	85.01098	286.81918	26.944284	347.6	20.68136	9.492101	65.45555	-6.266568	396000	9.298325e-09	201.10637	-0.007716235	-60.042526	0.5167484	0.020775996	0.2445	3.0	1347.5962336063385
99	112.778694	99.27968	305.3372	27.214472	357.1111	26.126816	7.150181	49.42168	2.0157235	400000	9.536744e-10	132.36484	-0.00721098	-32.68991	0.51413256	0.01995424	0.28425	3.0	1360.526986837387
100	132.63914	117.39209	345.84537	17.648903	437.55554	25.758215	6.4178047	49.75889	1.2622944	404000	4.7683715e-09	214.27545	-0.0089184	-43.517563	0.5115375	0.021264974	0.3095	4.0	1373.6997888088226
101	101.426575	84.531944	256.74185	13.237858	400.625	25.982695	6.3789454	53.43234	-9.670369	408000	-1.6689301e-09	195.97484	-0.009427596	-58.64978	0.5083332	0.015595548	0.24625	3.0	1388.7938945293427
102	91.72504	98.51635	305.61142	-0.7259958	332.6	27.944765	8.832485	68.11938	1.6396824	412000	2.1457671e-09	249.9959	-0.006563853	-121.74823	0.506053	0.018866017	0.261	3.0	1403.9716441631317
103	180.11688	85.02227	338.8604	85.07214	578.1667	22.802656	5.622509	47.229168	-4.0177293	416000	8.5830685e-09	211.84737	-0.00849938	-71.79518	0.50373656	0.019537825	0.26825	3.0	1418.0120210647583
104	104.377396	133.98524	369.41583	-28.60071	362.36365	27.630558	7.2917547	51.254055	-8.667102	420000	1.4305115e-09	202.91539	-0.0086060865	-48.68538	0.50140303	0.016950242	0.2785	3.0	1431.497641324997
105	55.331497	79.698975	230.98271	-17.40568	270.07693	21.208847	10.558978	51.85482	-22.72977	424000	-1.7166137e-08	328.83768	-0.007214833	-132.4673	0.49884304	0.015972817	0.19675	2.0	1445.268691778183
106	133.59047	104.19537	295.75327	14.983576	483.375	13.056828	12.674547	52.80984	-19.265657	428000	2.157688e-08	392.08353	-0.004055263	-248.43045	0.49720708	0.01848727	0.23175	3.0	1461.6792681217194
107	161.23177	116.13399	318.60745	6.592489	531.5714	22.2367	7.2812386	44.116085	-4.3177	432000	1.4781952e-08	179.33463	-0.010127034	-55.49704	0.49462113	0.01502855	0.2735	4.0	1476.4325652122498
108	165.93608	101.61927	271.81543	41.072468	640.6667	24.544706	7.1935635	54.27708	2.9908626	436000	2.7418137e-09	97.93163	-0.013790624	-31.798546	0.49143437	0.02193163	0.2605	3.0	1490.9817645549774
109	142.85681	147.93637	423.65762	9.957186	445.0	26.382965	7.95891	57.711464	0.9252478	440000	-1.2397766e-08	227.96509	-0.0078587085	-84.99771	0.4890241	0.018424457	0.3135	4.0	1505.3523452281952
110	77.59819	95.859795	328.93076	2.7436678	310.3	29.162144	8.2368965	62.298866	4.449769	444000	-1.7642975e-08	404.11765	-0.009639359	-185.38623	0.4853891	0.02157166	0.20975	3.0	1519.6320490837097
111	160.6061	140.28664	400.9157	21.001062	449.375	24.97116	8.223036	54.399326	-15.453631	448000	-1.1920929e-09	254.91905	-0.008261436	-138.279	0.48273596	0.018601498	0.2705	3.0	1533.513676404953
112	136.15346	90.40427	249.87598	-4.389446	492.25	29.16023	11.005979	62.849125	0.49724323	452000	6.198883e-09	249.55734	-0.0072826343	-95.50789	0.48023364	0.015299395	0.25975	3.0	1548.022728919983
113	336.1043	15.100342	354.33606	318.80682	914.75	25.869478	7.478777	62.57618	-1.8408043	456000	-8.165836e-09	224.14209	-0.007955452	-140.23257	0.47781754	0.017775804	0.25525	3.0	1562.1121830940247
114	203.9447	109.0484	363.30472	40.11079	618.3333	34.470078	11.7603655	68.713264	-4.193286	460000	9.894371e-09	236.5567	-0.007554896	-86.28177	0.47546613	0.02114685	0.2665	3.0	1576.0077457427979
115	201.36472	100.1347	315.99432	53.762356	655.0	25.31589	9.205241	49.441677	-5.4134436	464000	6.437302e-09	108.013954	-0.008082794	-30.144188	0.47305146	0.018852284	0.28025	4.0	1589.8507452011108
116	143.0455	124.19228	365.29654	7.3932405	433.125	27.942286	8.569328	47.819477	-3.812772	468000	4.529953e-09	199.80946	-0.011243584	-36.119797	0.4696511	0.021605998	0.26075	3.0	1603.8960874080658
117	126.44036	112.01692	318.69907	14.089511	389.625	30.211214	6.692715	51.815735	-5.3329844	472000	-1.5497207e-08	154.95229	-0.009080547	-31.480461	0.46706343	0.017914945	0.26275	3.0	1617.8954648971558
118	200.48373	115.86852	387.73325	57.763172	532.4286	29.97039	6.657475	54.696808	3.7123227	476000	3.5762786e-09	182.84656	-0.0074366503	-74.74233	0.46437985	0.020493554	0.3045	4.0	1631.8253784179688
119	337.25113	10.422736	354.63443	326.90637	1000.0	31.960566	7.2673	62.97602	7.0432434	480000	1.66893e-08	43.463894	-0.0096304715	-16.901869	0.46115395	0.022226395	0.23225	3.0	1645.9983882904053
120	133.17873	105.50318	395.19983	15.620765	290.54544	36.543816	7.5540495	60.330578	9.293389	484000	1.9192695e-08	222.18365	-0.007480165	-60.32866	0.45878038	0.019445438	0.155	2.0	1659.9666862487793
121	223.79797	141.31607	464.9504	26.204245	545.7143	30.040703	8.058906	52.110268	2.54194	488000	4.2915342e-09	211.03589	-0.004408626	-98.84083	0.4572174	0.015965335	0.178	2.0	1673.583734035492
122	160.68324	110.98107	361.13843	26.952826	399.77777	37.163204	6.8890147	58.85959	9.238847	492000	-3.3378602e-09	275.10678	-0.00619893	-100.98575	0.45570937	0.02343502	0.3425	3.0	1687.3175702095032
123	278.17694	120.65988	412.91177	101.109146	771.25	25.29396	10.151529	58.84999	-5.655792	496000	1.45435335e-08	213.67517	-0.006091592	-85.27521	0.4537411	0.015281281	0.26725	3.0	1701.1749014854431
124	278.2773	127.36869	487.97318	122.344055	724.4	33.502705	7.9764504	58.610695	11.036607	500000	-1.001358e-08	163.34962	-0.006024878	-56.125076	0.4517377	0.017590774	0.267	3.0	1715.39617061615
125	361.60956	88.47354	450.63266	225.84315	912.25	39.5563	10.202705	67.83352	19.526396	504000	1.1444092e-08	193.7074	-0.0060142577	-87.91646	0.44926468	0.016423734	0.23425	3.0	1729.1888418197632
126	169.33171	103.63401	391.7102	59.527004	506.2857	33.254807	10.66454	65.58897	7.8952665	508000	1.704693e-08	231.01643	-0.009288679	-81.37428	0.44676995	0.022056926	0.289	3.0	1743.0496304035187
127	211.91248	131.54004	373.6186	1.4768074	692.8	28.469069	7.061709	50.167053	0.41835487	512000	-6.9141386e-09	221.69096	-0.006144323	-37.828598	0.44443727	0.023900287	0.28675	3.0	1757.2618806362152
128	280.5983	99.10357	387.52576	124.49538	870.75	23.883425	8.103182	52.064766	1.0932834	516000	-2.2649765e-08	199.39073	-0.065638155	-85.04743	0.4418802	0.015063335	0.32625	60.0	1772.7755982875824
129	300.39917	150.51602	401.37265	40.50955	801.5	29.616304	7.1299458	53.250355	2.6165075	520000	4.529953e-09	177.45718	-0.013564113	-89.66813	0.4280495	0.01946496	0.31125	4.0	1786.763748407364
130	384.61642	50.818394	454.31705	319.06378	983.5	31.140093	8.026748	58.985653	9.51367	524000	-5.960465e-11	189.67526	-0.009193881	-67.007904	0.42745218	0.020436881	0.2695	4.0	1801.1116197109222
131	418.97137	119.43542	558.2127	229.62917	929.25	44.108315	8.829425	67.28179	16.622606	528000	-1.9073486e-08	176.91132	-0.0093002515	-29.908447	0.4259539	0.01548529	0.2155	3.0	1814.9513149261475
132	207.63727	153.92137	397.4862	5.5123158	552.6667	39.47839	9.761901	63.648594	15.904943	532000	-1.3232231e-08	252.25685	-0.010449266	-86.430466	0.42447963	0.018324723	0.20375	3.0	1829.1019594669342
133	370.54697	148.88339	508.74075	119.54938	807.5	34.24757	5.8813024	58.383244	13.806733	536000	1.5735626e-08	230.31549	-0.008037208	-74.33064	0.42274517	0.016055264	0.1885	2.0	1842.8277955055237
134	357.71503	61.08993	442.63712	292.9783	921.25	37.90352	6.932919	61.571136	17.291431	540000	-9.536744e-10	105.10042	-0.003646247	-23.191902	0.4213115	0.017099278	0.18075	2.0	1857.0314428806305
135	365.59247	39.677803	427.684	317.12595	916.0	39.071156	5.686943	62.098698	21.500872	544000	-1.0251999e-08	151.0723	-0.006806163	-32.995834	0.41983303	0.016805626	0.28125	3.0	1871.0574810504913
136	236.09488	122.06886	384.9379	63.04234	614.2	37.36648	7.464594	65.96463	16.199457	548000	7.510185e-09	120.81088	-0.005939076	-33.399666	0.41758034	0.017553192	0.26725	3.0	1884.9062459468842
137	204.14748	149.32175	462.16763	4.8953724	534.1429	35.086132	6.360256	52.316597	12.5024805	552000	9.298325e-09	236.15994	-0.006983938	-39.79831	0.41544017	0.016650494	0.26775	3.0	1898.9187495708466
138	390.93005	68.61372	463.5053	282.5215	1000.0	32.663036	8.942143	59.52682	3.5283976	556000	4.2915342e-09	208.99432	-0.008050296	-112.39114	0.4132701	0.0173964	0.2425	3.0	1913.2002530097961
139	255.68147	198.60303	543.2553	57.222443	559.3333	38.187176	4.841641	55.874966	22.721687	560000	-9.059906e-09	319.69507	-0.007380455	-130.07486	0.41113028	0.016982555	0.22025	3.0	1926.5997576713562
140	350.61102	122.04782	539.20026	190.43683	731.0	44.78078	7.295909	61.031513	19.855373	564000	1.2278557e-08	184.26625	-0.009675006	-42.303436	0.40903467	0.022122487	0.27025	3.0	1941.6161720752716
141	348.43448	119.342415	438.33844	144.78749	811.0	41.37253	6.7687526	59.42553	10.170045	568000	-1.4305115e-09	150.59444	-0.007103737	-29.021889	0.40707594	0.020251898	0.2405	3.0	1955.766319513321
142	356.4156	213.79172	584.96545	12.605496	663.2	39.69274	6.0762763	54.55118	15.700067	572000	-1.3232231e-08	275.34644	-0.0064868494	-110.93144	0.4049125	0.017039655	0.29	4.0	1970.7971296310425
143	294.17657	137.02179	456.67178	108.41508	660.0	43.423557	13.32394	69.915764	6.6048036	576000	-1.9073487e-09	271.53632	-0.011684569	-128.8273	0.40190852	0.015098067	0.24625	3.0	1985.134470462799
144	305.04028	155.38298	504.72098	38.613014	799.2	38.708035	7.5900064	63.175686	15.707725	580000	-5.1259996e-09	182.49757	-0.008109524	-52.758972	0.3998181	0.017149353	0.3065	4.0	2002.1251447200775
145	469.2677	66.4546	550.2374	369.8885	1000.0	35.101734	9.147395	61.71652	9.430814	584000	-5.722046e-09	227.28	-0.007776588	-140.79303	0.396764	0.01809995	0.2575	4.0	2018.819456577301
146	320.83768	172.49529	458.80075	14.07914	728.4	48.5085	10.183808	81.41118	25.902805	588000	-1.1920929e-09	249.10327	-0.011589219	-115.23448	0.39355865	0.02095665	0.273	4.0	2034.6533315181732
147	359.0153	114.89599	553.5983	202.29002	771.0	39.685593	7.9174995	62.363567	13.874882	592000	6.6757204e-09	212.2439	-0.011991611	-48.179398	0.3903404	0.020536155	0.275	4.0	2049.685689687729
148	444.88992	109.30232	546.9222	260.64612	858.25	42.45821	9.431976	66.77183	10.428578	596000	4.2915342e-09	170.1358	-0.011224559	-80.057724	0.38715404	0.018438984	0.25175	3.0	2064.2332479953766
149	384.60675	130.98047	512.44226	187.78532	811.25	48.35772	8.9820175	66.94262	22.526533	600000	4.887581e-09	215.48302	-0.0033436848	-65.412415	0.3849239	0.019797975	0.2535	3.0	2078.6436240673065
150	361.8726	146.05843	500.87436	128.17215	815.5	41.463737	9.037069	65.30246	16.209015	604000	2.861023e-09	118.77581	-0.0067975554	-25.482964	0.38300577	0.022750553	0.26075	3.0	2094.1833775043488
151	410.82465	74.76443	530.6923	338.62906	831.75	41.8621	9.026768	65.67448	16.272514	608000	-4.529953e-09	126.43172	-0.0070555964	-29.663666	0.38103154	0.016678425	0.2485	3.0	2111.3122265338898
152	376.7669	56.695652	453.60406	316.65	831.0	43.021194	11.440828	66.91635	7.239586	612000	7.2717667e-09	169.79553	-0.00903705	-45.423607	0.37878713	0.018773533	0.282	4.0	2127.5562500953674
153	292.99573	170.07854	446.3021	45.247738	683.8	38.266945	8.45078	63.416004	14.469698	616000	-2.1457671e-09	187.06271	-0.01048471	-44.20703	0.37547785	0.018875964	0.25175	3.0	2142.0956423282623
154	322.40323	153.97275	483.03888	37.391518	683.0	39.96864	7.8700085	70.44803	17.122467	620000	-2.6226044e-09	200.60977	-0.006960543	-57.095947	0.37313956	0.01724054	0.2535	3.0	2156.3085145950317
155	434.18958	71.189514	530.8535	331.894	874.5	40.65221	8.025738	73.33857	13.066076	624000	3.3378602e-09	167.94101	-0.007450757	-43.729523	0.3708513	0.01897065	0.2825	4.0	2170.4770379066467
156	408.8071	80.49637	484.98264	280.27728	883.5	43.54174	9.998776	70.83173	16.090734	628000	-1.4305115e-09	172.92569	-0.010259498	-60.219955	0.36776403	0.020000549	0.2605	4.0	2184.911532640457
157	241.5281	200.43796	663.43134	34.800346	420.8889	52.044125	9.36515	75.305374	20.35477	632000	-3.0994416e-09	311.04095	-0.009584756	-94.78175	0.36472556	0.018608313	0.31225	4.0	2199.2866954803467
158	294.11353	208.77858	646.3321	53.48633	570.5714	45.1154	8.697007	65.855644	18.987812	636000	-1.07288365e-08	229.12584	-0.008817845	-57.54515	0.36191142	0.0171296	0.23525	3.0	2213.742570400238
159	365.2905	148.9848	515.64667	106.509315	745.2	49.724037	9.694253	75.18451	17.894186	640000	1.835823e-08	198.7981	-0.006156635	-54.331726	0.3601866	0.017290462	0.232	3.0	2227.540769338608
160	289.6445	135.77637	438.77322	54.437607	615.1667	44.49781	9.04465	68.67253	20.007896	644000	-2.503395e-09	226.8054	-0.009310319	-74.682846	0.35836646	0.0181597	0.28875	4.0	2241.6784908771515
161	300.47784	220.13925	657.1344	50.737762	553.2857	46.11044	11.294891	74.377	13.899642	648000	4.0233137e-09	262.2914	-0.009503726	-65.16078	0.35610467	0.015366201	0.24125	4.0	2255.7392041683197
162	259.0602	161.29408	498.21304	79.637634	519.6667	50.0055	10.726437	84.16023	23.245308	652000	1.6689301e-09	312.7851	-0.011338848	-116.56003	0.35395133	0.020703668	0.3145	4.0	2269.8921246528625
163	497.75946	117.58585	618.03296	314.0231	879.0	48.743664	11.507051	80.93015	4.743833	656000	-6.198883e-09	214.25667	-0.0070180614	-69.61946	0.35218963	0.016684784	0.211	3.0	2283.774494409561
164	411.71255	140.73828	619.48346	191.69028	757.6	49.735806	9.770985	78.57621	20.443974	660000	-6.3180923e-09	203.00696	-0.008646439	-45.225693	0.3511737	0.015060348	0.227	3.0	2298.0812215805054
165	320.60553	196.41708	569.288	22.82309	669.8	55.307056	5.9451084	73.43891	28.52288	664000	-2.3007393e-08	312.42688	-0.009314451	-178.75041	0.3501029	0.020400519	0.31775	4.0	2312.6052606105804
166	376.48062	167.9882	523.50366	92.8715	791.25	43.499798	11.579156	69.17169	9.804234	668000	5.9604646e-09	196.53363	-0.0070991195	-47.805008	0.3483172	0.019073298	0.22425	3.0	2326.551155567169
167	511.57376	32.386223	554.5033	478.12515	1000.0	44.042244	8.491571	67.52107	19.389338	672000	-4.887581e-09	149.76231	-0.005550105	-62.99981	0.34659728	0.019481359	0.291	3.0	2340.938719511032
168	495.61438	83.66567	571.103	355.30548	926.0	52.541187	6.8522015	71.60169	29.891626	676000	2.2053719e-09	189.56212	-0.012703169	-72.337234	0.34475708	0.021562792	0.25225	4.0	2355.7032907009125
169	403.8735	154.88293	539.92896	149.05356	771.0	55.864098	8.904833	76.55972	27.177818	680000	-1.0967255e-08	275.91016	-0.008520939	-156.38846	0.3422776	0.016915798	0.24125	3.0	2370.201771259308
170	507.34073	59.537277	604.89923	443.80432	1000.0	46.685925	8.348268	69.003815	21.996891	684000	-2.384186e-10	167.72919	-0.0077529913	-67.7213	0.34044984	0.015872965	0.2975	4.0	2384.571849346161
171	508.11517	58.11905	585.1325	424.6371	1000.0	48.64132	13.244053	79.556496	19.536222	688000	-4.887581e-09	184.78134	-0.012098265	-82.99239	0.33790755	0.017737284	0.27975	5.0	2398.905919075012
172	338.86685	215.06705	574.9823	44.88664	654.4	48.1248	9.332805	71.3359	15.168596	692000	-7.867813e-09	183.83987	-0.01080444	-25.346191	0.33440003	0.020618733	0.26275	4.0	2411.4457523822784
173	486.20645	148.60704	639.7163	255.44003	846.75	53.179108	7.3032136	68.89395	26.71417	696000	-6.6757204e-09	140.38808	-0.012493478	-32.881966	0.33134052	0.01743527	0.279	4.0	2425.890821456909
174	431.1577	184.33833	652.27875	140.31187	779.25	48.731487	11.722735	73.715965	26.377739	700000	-2.3841857e-09	119.184906	-0.0069230003	-24.970924	0.327819	0.016695252	0.2015	3.0	2439.76168012619
175	549.67163	79.930016	658.5264	437.38568	1000.0	54.773495	9.964285	74.469376	26.451258	704000	-4.768372e-10	112.442345	-0.009955867	-26.42266	0.3250728	0.018833634	0.2355	3.0	2454.511262655258
176	595.78107	105.02786	686.94226	420.10684	1000.0	55.618923	10.072339	75.77872	27.003538	708000	1.9073487e-09	174.59084	-0.0045817634	-35.5551	0.32225996	0.019225635	0.23625	3.0	2468.583417892456
177	573.6708	74.214005	691.9832	487.17593	1000.0	54.581383	12.24709	80.299866	22.044384	712000	2.026558e-09	158.46906	-0.00903478	-43.462288	0.31939438	0.017019296	0.269	3.0	2482.8635864257812
178	389.4658	274.79877	807.7095	73.866165	646.6	59.133945	13.282258	87.568	21.689753	716000	9.059906e-09	248.43831	-0.007554738	-87.20685	0.31641978	0.015919438	0.218	3.0	2496.8548069000244
179	495.8845	35.41259	535.2515	457.72278	1000.0	45.264423	17.423462	86.92182	15.70672	720000	-2.7418137e-09	191.5436	-0.007758728	-77.96594	0.31352443	0.017355446	0.2885	4.0	2510.9584124088287
180	540.7938	66.17249	632.94904	461.74005	1000.0	49.183228	11.177482	82.828415	23.985935	724000	2.4318695e-08	133.05222	-0.00855551	-40.880302	0.31045866	0.020609802	0.2105	3.0	2527.6265997886658
181	458.22568	91.71278	549.0637	316.52707	920.75	53.70437	15.771521	90.01948	26.683617	728000	-7.987023e-09	224.4141	-0.008954557	-70.686935	0.3083644	0.016869953	0.3015	4.0	2544.2903311252594
182	468.12506	197.32237	672.80884	142.15253	765.2	55.12587	17.88913	92.29082	15.001214	732000	-4.7683715e-09	197.90102	-0.007809702	-68.02109	0.30564463	0.015481636	0.22775	3.0	2560.4327244758606
183	452.60385	106.86231	574.3332	286.74228	874.0	50.231834	13.285427	82.96257	19.15994	736000	-1.0251999e-08	216.06741	-0.012282863	-80.134155	0.30363548	0.015900794	0.26375	5.0	2575.8886320590973
184	343.9118	116.23128	468.6776	143.58333	651.2	44.80143	11.592204	76.116554	15.485175	740000	-2.3841857e-09	349.75214	-0.009002373	-114.594086	0.3005283	0.019419227	0.26175	3.0	2593.1864490509033
185	529.7546	59.502914	589.33746	451.45135	1000.0	42.738743	16.313074	81.4745	7.35153	744000	-2.9563903e-08	224.75342	-0.007463598	-103.85076	0.29857105	0.024329288	0.2995	3.0	2609.563249349594
186	595.9018	113.50852	682.0307	401.24103	903.0	57.2219	12.190047	80.45565	24.077957	748000	-1.4781952e-08	225.95793	-0.0063770446	-43.170593	0.2965331	0.020009346	0.26875	3.0	2625.5715787410736
187	613.22284	118.09481	813.3454	525.5659	1000.0	61.274105	11.12338	92.445755	30.711943	752000	8.34465e-09	211.11421	-0.006931176	-42.789246	0.29468268	0.020903612	0.274	3.0	2640.1820118427277
188	678.13837	107.350426	784.42303	536.0875	1000.0	61.868797	15.035561	94.25597	23.551064	756000	-7.033348e-09	132.32474	-0.0050476855	-27.424736	0.29286173	0.018408695	0.271	4.0	2657.3729331493378
189	750.55304	115.31437	864.4585	602.7893	1000.0	69.79209	12.059536	92.06329	32.716965	760000	9.536744e-10	158.36008	-0.00875156	-41.819084	0.29053608	0.01688109	0.2675	4.0	2674.6921610832214
190	557.3595	71.38747	629.1049	450.4845	934.5	65.0588	15.804935	98.48272	31.497746	764000	2.0861625e-08	212.857	-0.011480842	-93.96825	0.2883682	0.024646001	0.2705	3.0	2689.359022140503
191	732.1895	122.53155	892.0478	604.71216	1000.0	63.469162	11.853408	86.51896	33.597343	768000	3.051758e-08	222.59964	-0.00806583	-113.8363	0.2865663	0.019619875	0.2395	3.0	2708.2870149612427
192	586.7512	181.92079	803.3362	349.16672	777.5	74.07375	12.940542	105.27291	35.782352	772000	-1.29044055e-08	360.12067	-0.008651058	-110.956665	0.2847937	0.016330013	0.23775	3.0	2724.5859925746918
193	462.10596	253.87721	773.2201	56.21333	623.4	66.772995	12.23808	93.64824	28.409191	776000	-6.198883e-09	373.44504	-0.004224301	-102.49701	0.28320217	0.016307881	0.24825	3.0	2738.133663892746
194	545.9055	147.00282	834.77	422.78613	793.8	61.145206	13.270945	87.991875	25.562317	780000	6.3180923e-09	340.82886	-0.0080538625	-114.53682	0.28181016	0.016305612	0.24	3.0	2752.0641751289368
195	564.5282	183.98618	754.7376	374.3888	902.0	63.4817	17.19008	93.87395	19.749239	784000	-3.71933e-08	247.37447	-0.00804066	-90.27048	0.28029826	0.020071942	0.2805	4.0	2766.475524187088
196	460.21075	210.492	724.1088	145.64514	732.2	59.787685	16.635937	95.090256	10.302893	788000	1.9788741e-08	223.80481	-0.012270356	-86.06856	0.27820763	0.015403297	0.24775	4.0	2779.301655769348
197	647.498	96.71049	771.7654	523.07214	1000.0	54.525448	14.66185	82.26278	-3.004725	792000	1.2159347e-08	183.4829	-0.0073777623	-79.852615	0.27597255	0.016334679	0.2355	3.0	2791.1253929138184
198	541.0034	309.2702	738.276	6.8765016	755.25	65.109764	13.493261	91.02199	30.767578	796000	3.2782554e-09	189.63167	-0.0066354913	-46.803436	0.27420738	0.017069023	0.252	3.0	2802.1956973075867
199	662.59357	153.954	867.52435	511.37247	1000.0	63.211796	18.605165	93.78652	-2.9693277	800000	-1.3947487e-08	250.95847	-0.004502349	-95.511215	0.27237946	0.015598057	0.2425	3.0	2815.9266493320465
