Epoch	AverageEpRet	StdEpRet	MaxEpRet	MinEpRet	EpLen	AverageVVals	StdVVals	MaxVVals	MinVVals	TotalEnvInteracts	LossPi	LossV	DeltaLossPi	DeltaLossV	Entropy	KL	ClipFrac	StopIter	Time
0	1.4972731	2.3314352	3.8287082	-0.83416194	1000.0	0.03607878	0.08159113	0.38504383	-0.17799114	2000	1.266785e-08	19.881315	0.024696697	-9.362654	0.91893786	0.08042066	0.567	1.0	1.8161487579345703
1	16.227547	6.0341244	22.261671	10.193421	1000.0	-3.0624306	1.2475419	3.7318752	-5.017305	4000	8.5771084e-08	15.667289	0.03012512	-10.805748	0.91893846	0.1195446	0.651	1.0	3.5239686965942383
2	22.3976	0.97532845	23.372929	21.422272	1000.0	-1.1364722	1.8433416	15.618816	-2.4612584	6000	-3.59416e-08	5.46644	0.022713132	-3.8572488	0.9188079	0.09160401	0.648	1.0	5.255839824676514
3	21.134232	1.2428617	22.377094	19.89137	1000.0	-0.65605015	2.9227333	20.929464	-2.6142414	8000	1.9930303e-08	5.468571	0.009832455	-3.9257622	0.9185656	0.08358815	0.589	1.0	6.993124723434448
4	23.26611	1.8762531	25.142363	21.389856	1000.0	-0.3678547	3.3430605	24.066608	-2.1333642	10000	4.3436885e-09	1.2730839	0.0046200277	-0.69050497	0.91852254	0.06389614	0.5825	1.0	8.735409498214722
5	22.96009	1.1078453	24.067936	21.852245	1000.0	0.012150024	3.8056457	27.259722	-2.1622698	12000	-1.9669533e-09	1.0689989	0.004345909	-0.5361201	0.91864675	0.050038353	0.525	1.0	10.491470575332642
6	23.604	4.144581	27.74858	19.45942	1000.0	-0.37437028	3.2395597	23.332176	-2.366846	14000	-2.4847687e-08	0.9991152	0.004458646	-0.4959904	0.91865915	0.023814557	0.219	5.0	12.314672946929932
7	23.61943	0.2857523	23.905182	23.333677	1000.0	0.8713212	4.024907	34.18642	-1.4600098	16000	-7.905066e-09	1.394366	-0.005846605	-1.0361036	0.9187311	0.016760936	0.2425	9.0	14.144438982009888
8	15.622993	0.25939322	15.882387	15.363601	1000.0	1.6073327	3.6086748	22.09116	-0.8563341	18000	-4.258752e-08	3.3282297	-0.022040173	-3.0557315	0.9212427	0.015450155	0.123	47.0	16.211429119110107
9	14.49091	4.433785	18.924694	10.057124	1000.0	1.7313892	2.5568483	21.203022	-0.6174036	20000	2.2068619e-08	4.120802	-0.009848664	-2.6077814	0.9368973	0.022543535	0.292	56.0	18.302121877670288
10	11.609615	23.287006	34.89662	-11.677392	1000.0	1.2558147	1.7336787	12.969972	-2.3171053	22000	-4.068017e-09	12.732241	-0.008034662	-10.53034	0.94790155	0.015428914	0.2125	11.0	20.112178564071655
11	26.741844	0.49550915	27.237352	26.246334	1000.0	1.5557214	3.0105157	21.76179	-3.8998568	24000	-5.990267e-09	4.729892	-0.012362075	-4.259091	0.9453056	0.016297821	0.1285	42.0	22.258781671524048
12	4.7690306	3.1062393	7.87527	1.6627913	1000.0	-0.6764134	4.8887	29.485718	-4.887705	26000	-1.5981495e-09	7.8019667	-0.004125662	-7.43069	0.8843394	0.023630545	0.2475	2.0	24.025894165039062
13	-2.8956187	2.0615122	-0.8341065	-4.957131	1000.0	0.105556436	2.407171	13.951057	-7.4548473	28000	-1.37239695e-08	3.6529915	-0.010594891	-3.1208777	0.88216126	0.017358908	0.21	2.0	25.782716035842896
14	24.64489	0.19957829	24.84447	24.445312	1000.0	-7.397922	3.0774577	10.78607	-10.402299	30000	-5.2809714e-08	50.535767	-0.0049004396	-47.806767	0.8795582	0.016155347	0.2995	10.0	27.577951669692993
15	-0.84452665	2.898013	2.0534866	-3.74254	1000.0	2.0242753	2.174203	19.898748	-7.6110396	32000	6.768107e-08	9.103026	-0.006311526	-7.2938843	0.85931784	0.016092952	0.1265	1.0	29.43118691444397
16	30.289265	0.09738445	30.38665	30.191881	1000.0	-2.4406147	3.4489346	17.47129	-5.382197	34000	3.093481e-08	10.888606	-0.014010133	-10.386914	0.8575953	0.015650451	0.202	20.0	31.264261960983276
17	21.274096	8.700199	29.974295	12.573896	1000.0	0.18868431	3.7395554	23.47197	-1.7849294	36000	3.8444994e-09	1.7418532	-0.012839269	-0.65001047	0.78286654	-0.0017330155	0.042	79.0	33.519182205200195
18	30.38496	2.265029	32.64999	28.119932	1000.0	0.13362046	3.6614575	26.012821	-1.560348	38000	4.1633843e-08	0.7869053	-0.015773248	-0.5569558	0.7658489	0.015698427	0.1285	66.0	35.62608051300049
19	33.19661	0.50567055	33.70228	32.690937	1000.0	0.859319	4.259168	26.994013	-0.73459476	40000	1.7009675e-08	0.35376695	-0.0054336437	-0.17693621	0.7040941	0.020338327	0.1705	6.0	37.509584188461304
20	26.77378	4.575674	31.349455	22.198107	1000.0	0.81902874	3.6052263	24.927212	-0.66044873	42000	6.6012142e-09	0.75038356	-0.0074659707	-0.3020983	0.7015569	0.015173025	0.281	12.0	39.37389826774597
21	28.39294	4.976178	33.369118	23.416761	1000.0	0.64980674	4.45332	29.934177	-1.0489898	44000	-5.479902e-09	0.38324553	-0.0059086005	-0.15846291	0.71328396	0.021014469	0.2	3.0	41.087538719177246
22	25.37315	8.150455	33.523605	17.222694	1000.0	0.393971	3.6158252	25.775507	-0.88468474	46000	-1.828e-08	0.7673257	-0.0012833109	-0.091929674	0.71681094	0.022300024	0.3	2.0	42.8696186542511
23	37.83284	1.4845867	39.317425	36.34825	1000.0	0.46392968	3.6908495	25.54946	-1.2568974	48000	5.632639e-09	1.5525618	0.0040294356	-1.4011288	0.7199437	0.022685455	0.329	1.0	44.603859186172485
24	29.59642	8.558231	38.15465	21.038189	1000.0	1.0268506	4.0617228	27.593256	-1.2263123	50000	1.1518598e-08	1.498066	0.022287939	-0.5878899	0.72120976	0.11250242	0.655	1.0	46.30486464500427
25	27.684195	6.571718	34.255913	21.112476	1000.0	0.4482536	3.5688033	26.577242	-1.7691817	52000	7.420778e-09	0.73398995	0.025807442	-0.08969182	0.72217053	0.06453114	0.59	1.0	48.151429414749146
26	25.77857	6.0415707	31.82014	19.737	1000.0	0.4567139	3.5788007	24.752132	-1.7457521	54000	1.37314204e-08	0.38762403	0.0226462	-0.07286811	0.72377884	0.04904735	0.5415	1.0	49.892982482910156
27	21.144833	0.17236137	21.317194	20.972471	1000.0	0.26576495	3.9029644	25.113628	-2.0338268	56000	-1.7747283e-08	0.39312398	0.0060450938	-0.2651307	0.7247898	0.02073881	0.309	1.0	51.64288544654846
28	21.643799	0.10706425	21.750864	21.536736	1000.0	-0.0053619384	3.737771	23.632158	-1.9412192	58000	-9.827316e-09	0.16717985	0.01844443	-0.0729277	0.72587156	0.048246	0.552	1.0	53.444183349609375
29	18.002342	1.4351492	19.43749	16.567192	1000.0	-0.08322464	4.1275387	26.213285	-1.8876541	60000	1.013279e-08	0.4572333	0.06473435	-0.17626083	0.72683567	0.14065482	0.7015	1.0	55.169602155685425
30	27.407227	1.077671	28.484898	26.329556	1000.0	-0.038075928	3.816665	25.449085	-1.8195488	62000	3.2126902e-08	0.7737257	0.13449939	-0.39937812	0.72811085	0.45118025	0.838	1.0	56.91156029701233
31	36.63817	1.0932541	37.731422	35.544914	1000.0	2.9454784	3.4957032	25.080215	-0.029159397	64000	-1.8626452e-10	2.2804565	0.12952365	-2.0466416	0.72900784	0.2216768	0.738	1.0	58.687954902648926
32	35.59307	4.925791	40.51886	30.667278	1000.0	4.5853944	3.3565612	25.586727	0.8658671	66000	-5.0127507e-08	7.7959614	0.065523975	-6.5426874	0.7304585	0.06571509	0.5855	1.0	60.40780997276306
33	24.609888	0.28352356	24.893412	24.326365	1000.0	4.2100563	2.9695163	22.90136	0.3505391	68000	-4.2080877e-08	8.151783	0.013628782	-7.4430966	0.73192525	0.05969917	0.539	2.0	62.15731692314148
34	29.354012	3.006259	32.36027	26.347754	1000.0	0.21781167	2.8713005	19.658197	-1.6490383	70000	-9.030104e-09	2.3367233	0.060701862	-1.5382307	0.73433715	0.1924856	0.758	1.0	63.965139389038086
35	35.248432	2.9464607	38.194893	32.30197	1000.0	-0.63148755	3.3852203	21.147657	-2.7985659	72000	2.9742719e-08	4.9412456	0.10598133	-4.309689	0.73573625	0.32496575	0.7925	1.0	65.70915842056274
36	39.950565	1.9942169	41.944782	37.95635	1000.0	-0.08110712	3.7043386	24.981049	-2.804303	74000	-6.970763e-08	3.8057208	0.12131704	-3.5037575	0.7370311	0.22869456	0.782	1.0	67.45281028747559
37	31.57255	1.3559704	32.92852	30.21658	1000.0	0.9001454	3.902428	26.392199	-3.8762915	76000	-2.3245812e-09	1.0164793	0.066961996	-0.39739358	0.7382701	0.1092102	0.689	1.0	69.2377872467041
38	24.627747	0.04122734	24.668974	24.58652	1000.0	0.587323	3.9838696	26.271423	-3.2386205	78000	6.80238e-09	0.57227063	0.039482404	-0.32959527	0.7392499	0.11337944	0.6555	1.0	71.0286877155304
39	29.450974	0.06215	29.513123	29.388823	1000.0	0.7901822	3.7641325	25.441898	-1.895712	80000	-4.4219197e-09	0.43964452	0.0387559	-0.2126177	0.73968	0.1007512	0.628	1.0	72.748774766922
40	30.307058	2.170805	32.477863	28.136253	1000.0	1.0199264	3.8223739	25.058468	-3.3842757	82000	2.2150576e-08	0.31873906	0.061998293	-0.07891992	0.73990405	0.16432495	0.71	1.0	74.53126573562622
41	38.12205	0.8229561	38.945007	37.299095	1000.0	1.0730278	3.1165586	21.80005	-0.80421007	84000	-7.996336e-09	0.4205365	0.06347079	-0.2848562	0.7399192	0.17204753	0.718	1.0	76.2985315322876
42	33.171852	0.42878914	33.600643	32.743065	1000.0	2.2710495	3.020173	23.408272	0.46870765	86000	-2.9012561e-08	1.3431206	0.04522066	-0.9768748	0.7395475	0.065807074	0.5245	1.0	78.0360095500946
43	33.32216	1.3079453	34.630104	32.014214	1000.0	1.5539358	2.9641519	22.702394	-0.73567265	88000	1.1175871e-09	0.482623	0.006853291	-0.095666826	0.73874146	0.035099324	0.308	2.0	79.77994441986084
44	35.359013	0.01984787	35.37886	35.339165	1000.0	0.9631845	2.8516283	22.293629	-0.38460445	90000	4.7534705e-09	0.42883506	0.0328112	-0.23985061	0.73694766	0.07251816	0.5685	1.0	81.6754698753357
45	32.933464	0.8758049	33.80927	32.05766	1000.0	1.0716814	3.3266048	24.83371	-1.4229865	92000	8.687377e-09	0.33219716	0.04003936	-0.1050989	0.7355233	0.06968989	0.58	1.0	83.48919749259949
46	36.7117	0.5595379	37.271236	36.15216	1000.0	0.95565647	2.8839004	22.783434	-0.43061763	94000	1.7732383e-08	0.36217758	0.026097653	-0.2547466	0.7337332	0.03703028	0.425	1.0	85.29119873046875
47	34.53761	0.28702545	34.824635	34.250584	1000.0	1.0638813	2.9367564	23.595936	-2.2276418	96000	1.7687679e-08	0.17387754	0.007821461	-0.07643624	0.7319831	0.01637072	0.2925	1.0	87.05506443977356
48	35.405518	1.7009411	37.106457	33.704575	1000.0	1.0710456	3.2528682	26.723412	-0.30500287	98000	1.3291836e-08	0.16130252	0.0028893773	-0.0599811	0.7300475	0.031576518	0.4375	1.0	88.85954713821411
49	37.3439	1.3655014	38.7094	35.978397	1000.0	1.158061	2.9706073	24.725092	-1.2379792	100000	-1.6458333e-08	0.3714349	0.02876368	-0.22869566	0.728526	0.09255568	0.5965	1.0	90.62942743301392
50	37.41762	0.7503433	38.167965	36.66728	1000.0	1.6960365	3.380289	26.895252	-0.06876226	102000	-2.0712614e-09	0.44896075	0.03526306	-0.33001012	0.72708493	0.1017193	0.61	1.0	92.34981441497803
51	39.231476	1.614893	40.846367	37.61658	1000.0	1.6906966	2.954379	24.536942	0.43287784	104000	-9.052456e-09	0.41951773	0.02653959	-0.2991427	0.7261177	0.08694646	0.6015	1.0	94.11700654029846
52	36.549995	1.380888	37.930885	35.16911	1000.0	2.1706927	3.1324615	28.289188	0.7053964	106000	-2.8818846e-08	0.70018446	0.014887934	-0.56763226	0.7252108	0.027257942	0.348	1.0	95.9262216091156
53	35.9493	0.15065765	36.099957	35.79864	1000.0	1.5583848	3.0064933	24.618938	0.24165286	108000	-3.9339065e-09	0.16915706	0.008966273	-0.059904292	0.7244375	0.039514165	0.448	1.0	97.72484636306763
54	36.874283	0.8802128	37.754494	35.99407	1000.0	1.0736613	2.9253318	25.209555	-0.057864368	110000	3.4451485e-08	0.42239746	0.017649995	-0.2675451	0.7246321	0.03627141	0.4395	1.0	99.55468654632568
55	35.265316	0.52684784	35.792164	34.73847	1000.0	1.4902971	3.3121042	26.84242	-0.154385	112000	-7.0557e-09	0.25506318	0.03178161	-0.15611342	0.7245396	0.0863495	0.636	1.0	101.27416443824768
56	38.137173	2.334877	40.47205	35.802296	1000.0	0.6106147	3.0920444	25.403368	-0.7114538	114000	3.618002e-08	0.6227758	0.04448272	-0.44494772	0.7244225	0.14505391	0.687	1.0	103.01777410507202
57	35.14258	1.2902222	36.4328	33.852356	1000.0	1.3028624	3.2138996	27.517548	-0.097668394	116000	-1.5459955e-08	0.15160556	0.06564796	-0.05769802	0.7243727	0.15323214	0.7225	1.0	104.8592541217804
58	37.308277	2.3762589	39.684536	34.93202	1000.0	0.5797407	3.3881104	26.189106	-1.2578435	118000	9.3877315e-09	0.5642286	0.041696478	-0.48099086	0.72434974	0.053016104	0.553	1.0	106.61905717849731
59	36.879284	2.3595734	39.238857	34.51971	1000.0	1.1601485	3.2867951	28.12425	-0.35858473	120000	-5.7816507e-09	0.080269486	0.010893625	-0.025798995	0.72436154	0.04998043	0.514	2.0	108.35888671875
60	37.504887	1.4184189	38.923306	36.086468	1000.0	1.500581	3.2068317	28.518412	-0.15695693	122000	-2.6002527e-09	0.16903307	0.012729764	-0.103898756	0.72354966	0.015852807	0.3	1.0	110.14813470840454
61	37.83907	0.75979614	38.598866	37.079273	1000.0	1.158914	3.1686645	27.233158	-0.26179147	124000	-1.554191e-08	0.05001121	0.010126886	-0.012928564	0.7228049	0.02472743	0.384	1.0	111.92566251754761
62	37.035267	0.89206696	37.927334	36.1432	1000.0	1.3565568	3.283256	27.22371	-0.29747748	126000	-2.3290514e-08	0.18386413	0.0071033835	-0.08935913	0.7223269	0.025705528	0.337	3.0	113.7064459323883
63	37.528267	0.015932083	37.544197	37.512333	1000.0	1.080147	3.16903	26.842659	-0.24039203	128000	4.0844082e-08	0.09962746	0.0021763262	-0.06771918	0.71972066	0.017415367	0.313	7.0	115.49649548530579
64	36.549305	1.4139938	37.9633	35.13531	1000.0	1.269801	3.1224608	26.854404	-0.32602847	130000	1.2069941e-08	0.07405452	0.002040007	-0.012532864	0.70977426	0.016731495	0.1795	1.0	117.2084789276123
65	35.520596	0.97096634	36.49156	34.54963	1000.0	1.6193193	3.0823917	26.091696	-0.012011766	132000	5.139224e-08	0.24342619	0.018209804	-0.16732025	0.7078019	0.044739734	0.486	6.0	118.98832416534424
66	36.36335	0.43962288	36.802975	35.92373	1000.0	1.031547	3.1146533	25.734444	-0.2065698	134000	2.7239322e-08	0.11520589	0.0046569286	-0.06425279	0.6964762	0.01970205	0.224	1.0	120.72400546073914
67	37.619274	0.48638153	38.105656	37.132893	1000.0	1.1146829	3.1932728	28.19465	-0.00031645596	136000	7.3686244e-09	0.07913052	-0.003921336	-0.036355082	0.6951789	0.015477607	0.092	7.0	122.48490452766418
68	35.8748	1.4078827	37.282684	34.46692	1000.0	1.1956394	3.332189	26.895702	-0.5768381	138000	-8.136034e-09	0.2035407	-0.010332417	-0.12213792	0.6847666	0.015575892	0.1365	49.0	124.54823851585388
69	37.365265	1.0570583	38.422325	36.30821	1000.0	1.0484253	3.2117188	28.371033	-0.15027803	140000	1.4007091e-09	0.110376276	0.0007452152	-0.039987147	0.6830688	0.020055627	0.35	12.0	126.38007140159607
70	37.66828	1.7883816	39.45666	35.879898	1000.0	1.1643379	3.3175776	27.299957	-0.19445127	142000	-2.6968774e-09	0.051443983	0.0016395542	-0.027826877	0.66882205	0.03331518	0.349	1.0	128.1195845603943
71	39.132133	2.104988	41.23712	37.027145	1000.0	1.3192432	3.2917035	29.212982	-0.61625916	144000	3.7550927e-09	0.17431468	0.020865107	-0.08471772	0.6669376	0.049859956	0.4895	1.0	129.92237877845764
72	39.24038	1.5771313	40.81751	37.663246	1000.0	1.2439201	3.4215636	28.670767	-0.728812	146000	-1.385808e-08	0.07571148	0.029100109	-0.03852757	0.66557026	0.06377879	0.5275	1.0	131.67447662353516
73	38.7984	0.87649345	39.674892	37.921906	1000.0	1.428988	3.2947984	27.547894	0.0077371	148000	1.0341406e-08	0.064839974	0.017520303	-0.041213665	0.66417027	0.0334047	0.431	1.0	133.42338252067566
74	38.441063	0.54711914	38.988182	37.893944	1000.0	1.6074352	3.2748806	27.99328	0.05597125	150000	2.9526651e-08	0.17768481	0.00064736704	-0.1153439	0.6635108	0.016543327	0.2665	2.0	135.1858470439911
75	39.212242	0.14509773	39.357338	39.067142	1000.0	1.1178474	3.464356	29.423462	-0.6864193	152000	5.8561564e-09	0.091656335	0.016568098	-0.06703876	0.6616715	0.04037572	0.5095	3.0	136.9159288406372
76	37.71677	0.6641846	38.380955	37.052586	1000.0	1.7458652	3.2713163	26.941961	-0.2716149	154000	-4.10676e-08	0.2803307	-0.004541067	-0.21940364	0.66005176	0.020029048	0.306	14.0	138.69579887390137
77	38.44863	2.1693993	40.61803	36.279232	1000.0	1.1988239	3.2441497	27.263958	-0.30736417	156000	-4.529953e-09	0.12061491	0.0240371	-0.061515555	0.6550057	0.051763617	0.533	2.0	140.52609300613403
78	39.50262	0.18016815	39.68279	39.322453	1000.0	1.4335886	3.2342737	26.944317	-0.34320775	158000	4.172325e-09	0.05090549	0.04204	-0.018951308	0.6545258	0.08543556	0.625	1.0	142.23723030090332
79	41.762463	1.3634529	43.125916	40.39901	1000.0	1.726303	3.2312605	28.076857	-0.015213713	160000	4.768372e-10	0.105316125	0.09006502	-0.037968084	0.6545445	0.15101798	0.7465	1.0	143.95799350738525
80	41.557014	1.0205631	42.57758	40.536453	1000.0	1.9509995	3.2839882	26.675652	0.06176816	162000	2.4199485e-08	0.1590315	0.09214114	-0.083365135	0.65450186	0.12712635	0.6895	1.0	145.75796818733215
81	42.27624	0.6706734	42.946915	41.605568	1000.0	2.141981	3.2212937	27.2194	-0.8230672	164000	1.4305115e-09	0.24958567	0.05627297	-0.07917544	0.65487695	0.12460872	0.621	1.0	147.47563362121582
82	41.269142	1.2273788	42.49652	40.041763	1000.0	2.2296088	3.0990217	28.05594	0.38058007	166000	1.2941658e-08	0.33433565	0.028791923	-0.2236827	0.65601116	0.03278731	0.3285	1.0	149.2477798461914
83	42.6591	0.64341354	43.302513	42.015686	1000.0	1.9522091	2.996078	24.324802	-0.49993598	168000	-3.1739473e-09	0.4190036	0.02156946	-0.30745918	0.656883	0.032236163	0.401	1.0	150.99681997299194
84	42.153923	0.09694481	42.250866	42.056976	1000.0	2.2737424	3.0196598	24.197144	0.26700228	170000	3.6656858e-09	0.26920187	0.032891415	-0.11094107	0.6575549	0.043773346	0.4075	1.0	152.73745918273926
85	39.2745	0.16525269	39.439754	39.10925	1000.0	1.6057827	3.08801	25.102148	-1.3258139	172000	6.6533685e-09	0.74067265	0.041955415	-0.566129	0.657683	0.09768859	0.5205	1.0	154.54764819145203
86	34.34587	2.2648811	36.610752	32.08099	1000.0	1.5197598	3.4338875	24.27272	-2.0728106	174000	-4.4703485e-09	0.4872879	0.055712927	-0.2249591	0.657589	0.07720939	0.5225	1.0	156.34883975982666
87	34.239166	1.0291786	35.268345	33.209988	1000.0	1.2801977	3.3806672	23.303648	-2.2951066	176000	-1.5497208e-09	0.2483444	0.07440621	-0.11996706	0.65736526	0.12786272	0.6595	1.0	158.14895343780518
88	33.82849	0.06870079	33.89719	33.75979	1000.0	1.1113354	3.9024982	26.245106	-2.3321843	178000	1.2367963e-09	0.20900446	0.0656574	-0.12738623	0.6568299	0.13144904	0.6515	1.0	160.0490119457245
89	36.602097	0.48247337	37.08457	36.119625	1000.0	1.3974998	3.848688	24.916346	-2.2176824	180000	-3.8146974e-09	0.15165052	0.07446174	-0.101218805	0.6561318	0.17410193	0.653	1.0	161.8966269493103
90	34.69455	1.0927181	35.787266	33.60183	1000.0	1.8304647	3.8961573	25.162014	-2.061454	182000	-7.033348e-08	0.46330968	0.06831959	-0.39445066	0.6556723	0.13555264	0.619	1.0	163.7152020931244
91	38.97764	0.37537384	39.353012	38.602264	1000.0	2.068755	3.7416277	25.872902	-1.2859349	184000	2.0354987e-08	0.11237646	0.055755496	-0.053148348	0.6553334	0.07333602	0.538	1.0	165.53946018218994
92	37.85766	0.28365898	38.141315	37.573997	1000.0	2.3741798	3.5849855	25.564323	-1.0682263	186000	-2.5749207e-08	0.3291668	0.00064998394	-0.2643633	0.655291	0.034083527	0.307	2.0	167.2949674129486
93	35.924664	0.6031914	36.527855	35.321472	1000.0	1.2404227	3.375679	22.53441	-1.739922	188000	1.8820167e-08	0.17943014	0.036341354	-0.14515033	0.65480644	0.06915373	0.4415	1.0	169.08145451545715
94	33.71766	0.71319777	34.43086	33.004463	1000.0	0.8887095	3.5203638	23.91655	-2.3373294	190000	3.751367e-09	0.19993825	0.020024683	-0.14360306	0.6544396	0.040156413	0.4115	1.0	170.88751411437988
95	34.926743	0.20962715	35.13637	34.717117	1000.0	1.1103501	3.624362	22.799076	-2.1454654	192000	6.7055224e-09	0.07635104	0.03372209	-0.03860184	0.6540348	0.0750591	0.4175	1.0	172.64433121681213
96	36.607346	1.3660259	37.973373	35.24132	1000.0	1.0356253	3.3174918	22.840103	-2.0652592	194000	9.983778e-09	0.13607104	0.021892626	-0.06451128	0.6533291	0.024436874	0.2775	1.0	174.4316430091858
97	36.149406	0.15781593	36.307224	35.991592	1000.0	1.0271555	3.4894853	24.011038	-2.0346072	196000	1.1026859e-08	0.06834154	0.017202232	-0.039655633	0.652699	0.026703369	0.34	1.0	176.3118896484375
98	38.0175	0.17871666	38.196217	37.838783	1000.0	1.4046295	3.4769707	23.784555	-1.8104364	198000	-2.2575259e-08	0.06980176	0.034511708	-0.005498074	0.65225613	0.09277028	0.481	1.0	178.10787534713745
99	39.965755	1.3775787	41.343334	38.588177	1000.0	1.4167289	3.3207018	23.339504	-1.7181176	200000	-1.9058586e-08	0.17562984	0.049241025	-0.052908264	0.65204847	0.120128386	0.5895	1.0	179.93496179580688
100	42.085323	0.5259857	42.61131	41.559338	1000.0	2.0091507	3.2140489	23.711826	-1.2034097	202000	3.606081e-09	0.2007921	0.08220496	-0.116761856	0.6523448	0.15977535	0.7425	1.0	181.93114137649536
101	42.44809	0.63381195	43.0819	41.814278	1000.0	1.363334	2.9624338	23.771029	-1.4992396	204000	-1.9818545e-09	0.3618027	0.11344151	-0.32567763	0.6528447	0.2595789	0.767	1.0	183.68869400024414
102	42.243504	0.735157	42.97866	41.508347	1000.0	1.9619117	3.2584472	25.350548	-1.0991322	206000	-3.1590461e-09	0.241705	0.12748209	-0.12542495	0.6532949	0.24198487	0.789	1.0	185.49123215675354
103	41.123367	1.622057	42.745426	39.501312	1000.0	1.2390032	2.9707408	25.072437	-1.2032515	208000	-2.1994113e-08	0.38033724	0.09851445	-0.28876254	0.6537061	0.20768252	0.7505	1.0	187.27770161628723
104	39.544678	0.1979351	39.742615	39.346745	1000.0	1.517567	3.3021815	25.944979	-1.335055	210000	1.1995435e-09	0.10534663	0.07394048	-0.05022929	0.6540291	0.09673032	0.6715	1.0	189.00053191184998
105	31.715237	0.11345482	31.828691	31.601782	1000.0	2.7151532	2.780779	22.490732	-0.62558514	212000	5.9306622e-08	2.4759274	0.029065456	-2.3300862	0.65396726	0.030179165	0.4225	1.0	190.86983942985535
106	31.275143	0.6604643	31.935606	30.614677	1000.0	1.9955176	1.678213	17.679937	-0.086558074	214000	-1.6584993e-08	0.38494632	0.028695082	-0.20784715	0.6542703	0.043697078	0.444	1.0	192.6654350757599
107	33.163177	1.6960545	34.85923	31.467121	1000.0	1.6635461	1.5981752	15.795248	0.25947458	216000	1.7977785e-08	0.28973258	0.0008684852	-0.13655986	0.65508854	0.0168789	0.2765	2.0	194.42264127731323
108	35.27536	2.5387783	37.814137	32.73658	1000.0	1.4436162	2.0448022	19.735472	-0.22462831	218000	4.4794753e-08	0.45553663	0.01475543	-0.22475915	0.6561049	0.029952103	0.4265	1.0	196.23756504058838
109	34.783333	2.5052338	37.288567	32.2781	1000.0	1.5281091	2.4510863	23.265919	-0.72103935	220000	-9.037555e-09	0.30876854	0.022316683	-0.1535581	0.6562619	0.047423996	0.4965	1.0	197.9500424861908
110	39.17172	0.17518616	39.346905	38.996532	1000.0	1.2364674	2.9265764	24.348883	-1.056961	222000	1.2390315e-08	0.27220932	0.032456644	-0.23050043	0.6565257	0.12148046	0.665	1.0	199.66185474395752
111	39.66381	0.20185089	39.86566	39.46196	1000.0	1.8118559	3.1002092	25.203978	-1.0695233	224000	6.3702466e-09	0.08068326	0.061969947	-0.053309463	0.65738	0.14090176	0.701	1.0	201.43351435661316
112	41.962303	0.31754875	42.27985	41.644753	1000.0	1.9585377	3.3000605	26.480183	-0.82323956	226000	-2.412498e-08	0.21256462	0.040519502	-0.11295062	0.6580871	0.07296872	0.5895	1.0	203.2097611427307
113	42.685516	0.56900597	43.254524	42.116512	1000.0	1.6442077	3.2061284	26.941788	-0.9278054	228000	-4.23193e-09	0.1288908	0.020095635	-0.048945837	0.65869945	0.044193342	0.4325	1.0	204.97079730033875
114	39.78648	0.62325287	40.409733	39.163227	1000.0	1.4044816	3.405271	26.904575	-1.1864169	230000	3.322959e-09	0.114633314	0.027216684	-0.0749273	0.6590702	0.060158752	0.5295	1.0	206.78827023506165
115	41.8406	1.1166191	42.95722	40.72398	1000.0	1.9259201	3.4685953	27.559977	-0.93849224	232000	-2.5331975e-08	0.34201893	0.035461932	-0.20115422	0.6592673	0.04732822	0.5275	1.0	208.50796723365784
116	40.14805	0.74066734	40.888718	39.407383	1000.0	1.3205345	3.3733006	26.63862	-1.136511	234000	1.6272068e-08	0.1441592	0.02527386	-0.0895419	0.6591502	0.046565484	0.4605	1.0	210.28614449501038
117	39.446564	0.00034523537	39.446907	39.446217	1000.0	1.7656003	3.436888	25.146233	-1.2656515	236000	-2.4054199e-08	0.097784095	0.011249742	-0.070234045	0.6589326	0.01724766	0.2585	1.0	212.04122519493103
118	40.42852	0.30680275	40.735325	40.12172	1000.0	1.5377451	3.467359	26.473667	-1.4619933	238000	-7.420778e-09	0.04413022	0.0040800455	-0.013405606	0.6587981	0.022734577	0.2185	3.0	213.87571096420288
119	39.395626	1.3625183	40.758144	38.033108	1000.0	1.6781164	3.347933	25.095974	-1.4194392	240000	-2.0042062e-08	0.058623545	-0.0033089067	-0.019241344	0.659386	0.020498106	0.2035	6.0	215.68281769752502
120	38.28588	0.51007843	38.79596	37.775803	1000.0	1.3060927	3.288835	24.79161	-1.6487123	242000	9.745359e-09	0.03876393	-0.0045217304	-0.01897773	0.6613468	0.015082643	0.1765	5.0	217.48933506011963
121	39.878983	0.28157997	40.16056	39.5974	1000.0	1.241331	3.4040806	25.940313	-1.4400489	244000	1.704693e-08	0.07695606	-0.006862798	-0.051395923	0.6654885	0.01788791	0.286	19.0	219.34106040000916
122	38.49945	0.23981857	38.73927	38.259632	1000.0	1.272572	3.4253635	25.818525	-1.5472324	246000	-2.1204352e-08	0.057548694	-0.019084385	-0.017948769	0.6472708	0.010427812	0.1035	79.0	221.63076901435852
123	37.62289	0.41011047	38.033	37.21278	1000.0	0.9927289	3.3545802	27.098915	-1.5283008	248000	2.6859344e-09	0.088402204	-0.011146289	-0.056859944	0.6180802	0.020195166	0.1825	8.0	223.39563059806824
124	38.0353	0.07808685	38.113388	37.957214	1000.0	1.3338493	3.5478098	27.303967	-1.5311139	250000	-2.0340085e-09	0.06460228	-0.0048175417	-0.04006336	0.61143726	0.015428392	0.12	5.0	225.15915036201477
125	39.065277	0.26750183	39.33278	38.797775	1000.0	1.4923159	3.5080264	25.182375	-1.1679249	252000	8.866191e-09	0.06769986	-0.012666786	-0.027216952	0.60831624	0.015242176	0.1275	11.0	227.05981469154358
126	39.065956	0.11219978	39.178158	38.95376	1000.0	1.4356068	3.3082433	25.560257	-0.94157314	254000	-6.2808394e-09	0.057631623	-0.0035294595	-0.036210522	0.58950925	0.027105885	0.202	3.0	228.83163595199585
127	39.873062	0.14741516	40.020477	39.725647	1000.0	1.2712053	3.4919646	26.036518	-1.3120127	256000	-1.29044055e-08	0.06422026	0.0026588992	-0.030258063	0.5841881	0.024947273	0.246	8.0	230.64731240272522
128	39.192444	0.22572517	39.418167	38.966717	1000.0	1.5023792	3.5709317	26.633337	-0.9339193	258000	1.6793608e-08	0.042197164	-0.0050839754	-0.021372482	0.57601166	0.01550583	0.1955	2.0	232.4400179386139
129	39.531303	1.179102	40.710407	38.352203	1000.0	1.1734746	3.376003	27.517141	-0.96221006	260000	-2.168119e-08	0.04312646	0.01599614	-0.023981929	0.5740678	0.054861873	0.495	1.0	234.19683623313904
130	37.38895	0.4040451	37.792995	36.984905	1000.0	1.3267446	3.525136	27.598963	-1.152005	262000	5.185604e-09	0.047358513	0.01678034	-0.029570235	0.57298076	0.035166617	0.4675	1.0	235.98792958259583
131	39.488228	0.17943573	39.667664	39.308792	1000.0	1.3378906	3.39957	26.532646	-0.92908883	264000	-1.3634563e-08	0.040471867	0.019133575	-0.020474842	0.5716332	0.03095111	0.4135	1.0	237.78039932250977
132	39.08723	0.6328201	39.72005	38.45441	1000.0	1.292739	3.4518354	26.690435	-1.0069435	266000	1.5966593e-08	0.050683815	-0.002533469	-0.009589095	0.5706249	0.01611222	0.228	2.0	239.55940771102905
133	39.393513	0.8290558	40.22257	38.564457	1000.0	1.2062632	3.3709486	27.473991	-0.9706403	268000	4.4703485e-09	0.04752026	0.01926206	-0.03333004	0.5688314	0.045757186	0.4165	1.0	241.33976697921753
134	39.59793	1.3315086	40.92944	38.266422	1000.0	1.3598619	3.4982457	27.402624	-0.75725794	270000	3.07858e-08	0.02206253	0.022824133	-0.010097914	0.567623	0.034836028	0.43	1.0	243.2536859512329
135	39.97928	0.25752068	40.236797	39.721756	1000.0	1.6251394	3.4450905	26.667686	-0.59177476	272000	1.2695789e-08	0.039987337	0.010994321	-0.020806188	0.5662481	0.022105426	0.3145	1.0	244.98838210105896
136	41.041637	0.08520508	41.126842	40.956432	1000.0	1.5491406	3.4198573	26.41	-0.6111731	274000	1.5825034e-08	0.026649054	-0.0038724195	-0.01600046	0.5649298	0.015526792	0.1465	7.0	246.81748247146606
137	39.20185	0.008079529	39.20993	39.19377	1000.0	1.3536072	3.4680166	26.848713	-0.5623392	276000	2.6278197e-08	0.0379103	-0.0064241425	-0.025976077	0.5511854	0.017153433	0.2595	3.0	248.54372143745422
138	41.399902	0.18172073	41.581623	41.21818	1000.0	1.5843623	3.4444585	26.348091	-0.5328783	278000	3.2633543e-09	0.03413807	-0.0011586909	-0.018285116	0.54476917	0.016435685	0.305	1.0	250.3631443977356
139	38.304214	0.69199944	38.996216	37.612217	1000.0	1.5169387	3.4177995	25.634892	-0.59349334	280000	1.1727214e-08	0.03927861	0.0016065468	-0.022813452	0.54293096	0.01949495	0.223	1.0	252.12004709243774
140	38.834877	1.2362823	40.07116	37.598595	1000.0	1.2230178	3.2912104	26.789385	-0.95642674	282000	-1.1995435e-09	0.055977672	-0.0045367484	-0.030321293	0.5412203	0.016289327	0.1695	3.0	253.87894821166992
141	39.976074	0.20941353	40.18549	39.766663	1000.0	1.2963855	3.4928753	27.873043	-0.81041926	284000	-2.2091903e-08	0.02952483	-0.009318048	-0.005729828	0.5360608	0.018621922	0.168	7.0	255.66852688789368
142	38.83923	0.29930115	39.13853	38.53993	1000.0	1.4497762	3.3113804	25.859911	-0.45099604	286000	-1.5404076e-08	0.025456943	-0.0154565275	-0.016063038	0.5239887	0.016054923	0.232	27.0	257.6514701843262
143	39.61795	0.551033	40.168983	39.066917	1000.0	1.2800058	3.3272014	26.464083	-0.8170175	288000	2.9802322e-10	0.04272119	-0.0037856572	-0.020190388	0.491791	0.021803735	0.309	7.0	259.5965082645416
144	39.195335	0.8170681	40.012405	38.37827	1000.0	1.3053056	3.3894749	27.021807	-0.569546	290000	-3.4868717e-09	0.021114498	0.0037599842	-0.013314368	0.47946313	0.02842996	0.295	4.0	261.4108383655548
145	40.41087	0.9061966	41.317066	39.504673	1000.0	1.3845471	3.4088912	27.875933	-0.48057657	292000	-9.441748e-09	0.016856851	-0.005467465	-0.010282529	0.4704132	0.02401322	0.233	3.0	263.27568459510803
146	39.539165	1.0979118	40.637077	38.441254	1000.0	1.3521492	3.532134	28.292511	-0.5833193	294000	1.8190592e-08	0.035541374	-0.00066821196	-0.027039738	0.46445984	0.016840408	0.2075	1.0	265.0530254840851
147	40.327446	0.83176994	41.159218	39.495678	1000.0	1.4360043	3.5159404	27.144917	-0.6392467	296000	4.842877e-10	0.024954194	0.00056546077	-0.010870733	0.46281448	0.021418188	0.3165	1.0	267.02959656715393
148	39.390686	0.31258202	39.70327	39.078106	1000.0	1.2916267	3.4522958	28.026484	-0.49740088	298000	1.2949109e-08	0.027488904	0.008270263	-0.017906286	0.4610017	0.024781343	0.313	1.0	268.743693113327
149	39.41839	0.348238	39.766624	39.07015	1000.0	1.2686502	3.3729763	27.419174	-0.40809715	300000	6.3180923e-09	0.022635637	0.01144753	-0.005318217	0.4591571	0.026114767	0.3605	1.0	270.54909110069275
150	40.050606	1.528429	41.579037	38.52218	1000.0	1.3978511	3.3498864	28.596518	-0.36533058	302000	1.8020627e-08	0.05809733	0.0033588116	-0.021357197	0.45745608	0.032757003	0.3145	1.0	272.4582462310791
151	39.674362	0.82927704	40.50364	38.845085	1000.0	1.4575663	3.4053714	27.134018	-0.22785957	304000	-1.5705824e-08	0.02362387	0.021430941	-0.0176623	0.45603365	0.07368715	0.5505	1.0	274.2405421733856
152	39.62083	0.30757523	39.928406	39.313255	1000.0	1.5797725	3.3220878	26.854677	-0.1513981	306000	-2.7030707e-08	0.031839497	0.03492997	-0.017464396	0.45464283	0.07296014	0.51	1.0	275.9924716949463
153	38.69818	0.2516346	38.949818	38.44655	1000.0	1.7488606	3.2059436	25.192612	-0.039291427	308000	2.014637e-08	0.088036224	0.032669846	-0.076644555	0.45328915	0.04878307	0.5095	1.0	277.74283599853516
154	40.057205	0.5979595	40.655163	39.459244	1000.0	1.354642	3.089771	26.7616	-0.08845964	310000	-5.4687263e-08	0.058791608	0.031135311	-0.045370996	0.45212853	0.05886291	0.6115	1.0	279.4605960845947
155	39.075897	0.77970314	39.855602	38.296196	1000.0	1.454717	3.188852	26.695875	-0.21702582	312000	7.644296e-09	0.034724828	0.026016833	-0.021584082	0.45096195	0.044651467	0.509	1.0	281.22336053848267
156	38.86255	1.1764851	40.039036	37.686066	1000.0	1.4623483	3.1875455	26.764376	-0.09801142	314000	-1.4901161e-10	0.025169658	0.012358013	-0.011154947	0.44996095	0.044426087	0.4745	2.0	283.0272686481476
157	40.788074	0.47200394	41.26008	40.31607	1000.0	1.3592492	3.1269286	27.99538	0.11917497	316000	-3.679097e-08	0.07023338	0.018076388	-0.056096658	0.44760743	0.040518276	0.4425	1.0	284.73479294776917
158	39.46299	0.45731926	39.92031	39.005672	1000.0	1.7644541	3.1721046	26.925465	0.13329813	318000	1.7136336e-09	0.092074126	-0.0016998667	-0.07897372	0.44642508	0.017580936	0.1555	3.0	286.5790777206421
159	39.85473	0.3113804	40.16611	39.54335	1000.0	1.3584353	3.1022162	26.321226	-0.011756524	320000	-4.5895576e-09	0.07627025	0.00021236381	-0.062419083	0.4423287	0.02995158	0.3905	1.0	288.42501759529114
160	40.371716	0.32089615	40.69261	40.05082	1000.0	1.6485615	3.3071108	27.126446	-0.14265232	322000	2.5376677e-08	0.040140063	0.009699494	-0.030046735	0.4418246	0.019858288	0.257	1.0	290.17617869377136
161	40.552277	0.6054363	41.157715	39.946842	1000.0	1.4706204	3.1233323	26.878613	-0.100971356	324000	-4.5076012e-10	0.02443763	0.014809765	-0.015880305	0.44149446	0.032422367	0.4035	1.0	291.98869466781616
162	41.46206	0.16798782	41.630047	41.29407	1000.0	1.4526832	3.2819269	27.3562	0.14277932	326000	3.2037497e-09	0.056932997	0.026000628	-0.04237472	0.44086826	0.04444959	0.484	1.0	293.72953963279724
163	40.890884	0.07927513	40.970158	40.811607	1000.0	1.767032	3.2930093	26.697702	0.1436632	328000	3.9532782e-08	0.04683414	0.024996938	-0.037985817	0.44010174	0.065769084	0.511	1.0	295.51099014282227
164	41.23034	0.08469391	41.315033	41.145645	1000.0	1.4984536	3.319489	26.717255	0.00034607947	330000	1.1060387e-08	0.033134315	0.035359986	-0.022559188	0.43872976	0.069496416	0.5445	1.0	297.3207504749298
165	41.935852	0.4598484	42.395702	41.476006	1000.0	1.7149621	3.3281748	27.04658	0.0070604384	332000	-1.8257648e-08	0.024628894	0.030501591	-0.009653694	0.4375081	0.062657416	0.52	1.0	299.0641767978668
166	42.284317	0.4752617	42.75958	41.809055	1000.0	1.8195145	3.4739735	26.769056	-0.08411084	334000	2.7216972e-08	0.021890912	0.03390613	-0.011008229	0.43605077	0.098688066	0.5935	1.0	300.88815355300903
167	42.502464	0.28517914	42.787643	42.217285	1000.0	1.6146995	3.3719347	27.355001	0.03331603	336000	-1.308322e-08	0.031298675	0.022456061	-0.016766187	0.43463725	0.044828285	0.4965	1.0	302.68837332725525
168	40.055317	0.57470703	40.630024	39.48061	1000.0	1.7242918	3.5288427	27.439426	-0.21480283	338000	-1.8417834e-08	0.11139841	0.022876285	-0.05890564	0.43323532	0.04692688	0.4925	1.0	304.4098093509674
169	41.13929	0.46559143	41.60488	40.6737	1000.0	1.6649244	3.4543982	26.529621	-0.28981847	340000	-2.707541e-08	0.039852705	0.011133348	-0.02483267	0.43155038	0.020555142	0.2325	1.0	306.1892418861389
170	40.413578	1.193676	41.607254	39.219902	1000.0	1.6323841	3.4143846	26.42346	-0.24521635	342000	-1.8566848e-08	0.036626745	0.0031414903	-0.022212971	0.42959324	0.01566049	0.224	1.0	308.0053606033325
171	38.981293	0.4441738	39.425465	38.537117	1000.0	1.506407	3.4170117	25.709398	-0.4141786	344000	-1.2546778e-08	0.024118166	0.0075672087	-0.007144816	0.42771393	0.02243021	0.3735	1.0	309.73731303215027
172	41.08753	0.34436798	41.431896	40.74316	1000.0	1.4483337	3.4996834	26.771584	-0.36121416	346000	1.1093914e-08	0.029227428	0.009601278	-0.020721741	0.4262921	0.018806381	0.246	1.0	311.53542733192444
173	39.285263	0.60749626	39.89276	38.67777	1000.0	1.5369699	3.4666533	25.438993	-0.3501941	348000	-4.351139e-09	0.016780809	0.009623569	-0.008444665	0.4251037	0.026389249	0.331	1.0	313.2979636192322
174	40.25622	0.4927826	40.749004	39.76344	1000.0	1.663198	3.6178317	26.74184	-0.325203	350000	2.1100044e-08	0.02434946	0.0043744207	-0.011617157	0.4237523	0.017610468	0.29	1.0	315.0527834892273
175	41.22918	0.11088753	41.34007	41.118294	1000.0	1.7904947	3.6367729	26.376904	-0.21481882	352000	-5.9865415e-09	0.027202938	0.012262432	-0.018043872	0.4227061	0.046679717	0.489	1.0	316.8099114894867
176	40.8209	0.32803154	41.148933	40.49287	1000.0	1.5321428	3.4616458	25.427866	-0.25089568	354000	2.7641653e-09	0.03597897	0.019398268	-0.028052147	0.42215118	0.050894145	0.481	1.0	318.5734553337097
177	39.788277	0.46294212	40.25122	39.325336	1000.0	1.4684467	3.5231626	26.40171	-0.3438033	356000	-1.527369e-09	0.021448199	0.028577415	-0.011887086	0.42206123	0.03772707	0.479	1.0	320.32167315483093
178	40.818024	0.79626274	41.61429	40.021763	1000.0	1.4809465	3.51785	25.943605	-0.31904757	358000	1.31838025e-08	0.019979669	0.02782304	-0.011965599	0.42193326	0.046068724	0.477	1.0	322.1057229042053
179	41.05909	1.2397709	42.298862	39.81932	1000.0	1.610713	3.4650223	25.930725	-0.15881255	360000	-2.6911497e-08	0.030124644	0.052795228	-0.006707404	0.42175892	0.10061919	0.6035	1.0	323.8332574367523
180	41.464897	0.09936142	41.56426	41.365536	1000.0	1.9090713	3.6154027	26.267061	-0.18261066	362000	3.0398368e-09	0.06684086	0.05577359	-0.05583463	0.4218134	0.10333227	0.662	1.0	325.5855300426483
181	42.427193	0.06287384	42.490067	42.36432	1000.0	1.4485595	3.3156211	25.712656	-0.09954342	364000	6.9737434e-09	0.09193641	0.031273723	-0.08320462	0.4219298	0.077121995	0.618	1.0	327.35959124565125
182	40.70199	1.3922939	42.09428	39.309692	1000.0	1.5146074	3.364629	27.38888	-0.13187702	366000	-7.4058772e-09	0.019619267	0.042825937	-0.010894756	0.42237455	0.06128395	0.545	1.0	329.1981165409088
183	40.295246	0.8279648	41.12321	39.46728	1000.0	1.6336135	3.37234	27.633638	-0.009763166	368000	-1.0609627e-08	0.03635948	0.019280551	-0.024680572	0.4225108	0.050361935	0.491	1.0	330.9495658874512
184	41.799805	0.62153053	42.421333	41.178272	1000.0	1.3870074	3.283625	27.521688	-0.11534414	370000	3.6910176e-08	0.060898293	0.035654683	-0.047661874	0.42193475	0.078769214	0.5935	1.0	332.6973729133606
185	42.33786	0.7299347	43.067795	41.607925	1000.0	1.5777502	3.303004	27.684082	0.013507977	372000	-3.8295984e-09	0.027062083	0.026745027	-0.013433774	0.42141053	0.049809847	0.482	1.0	334.4483687877655
186	42.045906	0.95084953	42.996758	41.09506	1000.0	1.560241	3.2954066	27.116535	0.16645649	374000	-1.3120473e-08	0.058920518	0.011670288	-0.021525484	0.42086783	0.020027826	0.3045	1.0	336.16382670402527
187	43.27952	0.46753502	43.74705	42.81198	1000.0	1.7336091	3.3044338	27.67608	0.3275463	376000	-2.4586917e-09	0.06848101	0.002671837	-0.03472365	0.4205469	0.024517618	0.363	3.0	337.9597156047821
188	41.70671	2.3689709	44.07568	39.337738	1000.0	1.7024553	3.2473598	27.371489	0.37440094	378000	1.1550961e-08	0.08050596	0.03802309	-0.023885988	0.4196968	0.093447424	0.62	1.0	339.7136375904083
189	41.679165	1.178318	42.857483	40.500847	1000.0	1.945096	3.240072	25.301722	0.45244956	380000	2.1517277e-08	0.050019775	0.06277039	-0.018021196	0.41899288	0.11888143	0.6765	1.0	341.43745017051697
190	43.742764	1.1676483	44.91041	42.575115	1000.0	1.8921993	3.3293908	25.924883	0.47381258	382000	-2.3841857e-09	0.03550857	0.08574134	-0.0112399645	0.41822922	0.1466897	0.6965	1.0	343.225750207901
191	45.918854	1.0589199	46.97777	44.859932	1000.0	2.2173688	3.358046	26.088284	0.56805176	384000	3.1340868e-08	0.08091903	0.059597176	-0.047148366	0.41753912	0.09966377	0.565	1.0	344.94408440589905
192	49.333054	1.4312305	50.764282	47.90182	1000.0	2.109293	3.187728	27.837748	0.6564276	386000	-5.7965517e-09	0.10925073	0.018666927	-0.0706905	0.41725087	0.02016692	0.3295	1.0	346.6846807003021
193	48.34557	0.020057678	48.365627	48.325512	1000.0	2.3827803	3.223011	27.364136	0.84221065	388000	-1.5676022e-08	0.06270387	0.01093493	-0.0150815435	0.41679946	0.02495402	0.313	1.0	348.44175267219543
194	51.222584	1.2926674	52.51525	49.929916	1000.0	2.5992823	3.2989972	26.980711	0.9064063	390000	-6.181001e-08	0.12455596	0.0059109437	-0.05512674	0.41617832	0.016910603	0.261	2.0	350.1719741821289
195	49.796314	0.7678299	50.564144	49.028484	1000.0	2.7326481	3.2619684	26.518127	0.92159456	392000	1.4156103e-08	0.04067423	0.037449703	-0.016681919	0.41541922	0.07424245	0.5385	1.0	351.9092216491699
196	51.877617	0.5878391	52.465458	51.28978	1000.0	2.4737115	3.0249324	26.58708	0.7230879	394000	2.9606745e-08	0.13358122	0.02573629	-0.09216103	0.41467053	0.04660643	0.46	1.0	353.7112281322479
197	52.721817	0.44417	53.165985	52.277645	1000.0	2.6407154	3.127868	27.899935	0.9395802	396000	-2.9206275e-09	0.040421654	0.024487143	-0.011110725	0.41432422	0.053281274	0.4105	1.0	355.47348284721375
198	52.652065	0.07508087	52.727146	52.576984	1000.0	3.0056162	3.0783353	26.943378	1.3882108	398000	-3.4183262e-08	0.050515052	0.012524414	-0.02431426	0.4139996	0.02639535	0.364	2.0	357.2916889190674
199	54.168015	1.3025074	55.47052	52.865505	1000.0	2.9652333	3.163337	27.795557	1.3349473	400000	2.6822091e-09	0.042462733	0.0033962775	-0.013799131	0.41312978	0.030016227	0.294	1.0	359.086962223053
