Epoch	AverageEpRet	StdEpRet	MaxEpRet	MinEpRet	EpLen	AverageVVals	StdVVals	MaxVVals	MinVVals	TotalEnvInteracts	LossPi	LossV	DeltaLossPi	DeltaLossV	Entropy	KL	ClipFrac	StopIter	Time
0	-185.65286	257.2963	2.0478215	-698.02264	276.7857	-0.10471551	0.08665595	0.29903275	-0.5748203	4000	-4.9829485e-08	3213.4336	-0.017566612	-1784.7095	0.9189443	0.015151249	0.19325	11.0	6.0486462116241455
1	-154.34639	213.76106	5.603152	-646.86176	242.9375	-22.818012	6.221809	-5.300483	-54.73033	8000	-9.536744e-10	1123.9373	-0.042039845	-685.047	0.9167644	0.006018973	0.16775	79.0	13.549387216567993
2	-68.17284	103.728386	12.097961	-537.1911	126.92857	-47.607624	10.246349	-8.447804	-88.10149	12000	3.5762786e-09	782.44666	-0.044757664	-255.07483	0.9047298	0.0060215406	0.16625	79.0	22.171295404434204
3	-96.37918	143.82077	-5.422204	-535.1811	180.0	-34.6109	7.4971137	-2.6095314	-64.346725	16000	1.3351441e-08	421.18488	-0.046817318	-73.0383	0.893995	0.004246553	0.20475	79.0	29.69558811187744
4	-64.19282	130.93031	11.789431	-566.36145	132.43333	-40.05676	8.425181	-2.1680527	-72.87597	20000	-7.629395e-09	549.13727	-0.01508752	-137.06876	0.88547474	0.016314678	0.23775	10.0	36.77981448173523
5	-91.45514	135.79521	9.254107	-458.0782	185.11765	-34.439125	8.116153	-0.42007238	-59.553616	24000	1.2874604e-08	308.17728	-0.046177592	-41.574036	0.88400036	0.0049944096	0.1875	79.0	44.83108067512512
6	-61.38831	112.76537	3.2494278	-497.47852	138.2963	-35.54168	8.394534	-0.18229346	-70.77728	28000	5.00679e-09	336.32816	-0.014360221	-51.91342	0.8735532	0.015751353	0.18925	8.0	52.432379484176636
7	-91.25395	128.26578	-3.612125	-438.99475	181.70589	-34.84307	8.428788	-0.09695219	-62.593636	32000	2.9563903e-08	273.79364	-0.046558615	-41.95735	0.87246895	0.00896231	0.20775	79.0	61.92185068130493
8	-61.494965	108.966606	20.115332	-445.92682	147.7037	-36.43712	9.546161	-0.09691893	-63.366707	36000	5.4836273e-09	280.31277	-0.012911549	-101.847595	0.8587008	0.015968913	0.197	8.0	67.76119351387024
9	-76.57484	114.97761	14.222621	-408.12183	167.09091	-28.098465	9.682484	0.31643832	-59.049026	40000	1.8119811e-08	296.2891	-0.014248859	-75.723785	0.85754955	0.0170551	0.2005	8.0	73.71672034263611
10	-132.43979	165.16318	-3.0018432	-411.10638	345.9	-36.844906	8.168878	-0.07185277	-62.18083	44000	-1.1920929e-09	140.73997	-0.04848054	-12.741928	0.85571814	0.0053745266	0.20575	79.0	82.39410400390625
11	-81.39324	104.36462	-2.1225636	-400.47345	231.29411	-33.555107	8.676551	-0.15357125	-59.145016	48000	5.9604643e-10	298.72244	-0.051001806	-80.41113	0.840766	0.008037636	0.22675	79.0	90.13438296318054
12	-43.279053	73.11257	18.307165	-323.16125	141.5	-23.168364	7.372274	-0.046448626	-51.94509	52000	1.0251999e-08	305.08728	-0.016710613	-28.270996	0.8286509	0.015530486	0.25175	9.0	96.42195892333984
13	-33.43873	83.732254	73.61553	-367.3412	120.71875	-22.71981	7.805767	-0.07132312	-44.150383	56000	8.8214875e-09	308.72263	-0.013962841	-34.59192	0.8278106	0.01585844	0.2355	9.0	102.47065424919128
14	-37.31822	55.09876	16.079859	-279.45828	116.94118	-18.465801	9.136708	0.5565417	-54.913048	60000	1.3828277e-08	268.24695	-0.013943833	-21.232986	0.82634366	0.017665459	0.2475	8.0	109.11309289932251
15	-38.338696	93.612915	48.426277	-376.2843	144.0	-22.700333	9.152141	0.48811793	-46.724094	64000	-2.384186e-10	204.07478	-0.011552286	-21.298141	0.8247026	0.015175763	0.18175	7.0	115.83794355392456
16	-70.5942	127.8171	58.56229	-380.39142	224.47058	-24.435707	8.949324	0.15904523	-48.79071	68000	-9.536744e-10	189.8384	-0.049711898	-20.766495	0.8231467	0.008072649	0.21475	79.0	122.98731088638306
17	-81.505455	120.863556	26.122639	-331.8363	264.0	-27.847483	8.602583	0.046807602	-47.283436	72000	2.026558e-09	97.11824	-0.014797968	-11.343155	0.8101858	0.016172817	0.211	8.0	129.58533453941345
18	-84.56805	102.341286	14.595258	-294.9679	307.53845	-26.280615	8.35911	0.020080894	-51.6379	76000	1.1920929e-09	110.07133	-0.05143252	-20.691261	0.8090371	0.010336368	0.239	79.0	136.94373393058777
19	-69.259636	100.18872	7.315058	-279.17786	303.76923	-22.564472	6.568581	-0.14037146	-36.82244	80000	1.3113022e-09	121.98537	-0.052450716	-9.586082	0.796026	0.0051385215	0.23725	79.0	144.12974619865417
20	-36.082314	74.0676	19.15303	-282.87598	208.52632	-18.795727	6.9081793	-0.28869596	-38.54106	84000	-6.9141386e-09	144.63275	-0.017453074	-25.0915	0.7853656	0.016266327	0.21225	7.0	151.00592136383057
21	-57.144398	94.27891	28.826427	-326.9967	257.8	-18.167278	7.2363076	-0.059105948	-35.874233	88000	1.2397766e-08	203.09024	-0.011077223	-36.023987	0.78398365	0.016525296	0.236	8.0	157.20178484916687
22	-50.425114	92.971	13.062649	-299.8008	221.28572	-21.377699	7.0295763	-0.38150743	-41.958775	92000	-1.5974045e-08	181.37245	-0.015134056	-20.266098	0.7819589	0.015429116	0.25975	9.0	163.16934895515442
23	-36.248024	55.76688	25.768044	-209.64778	199.23529	-19.575304	5.876443	-0.5826906	-38.09642	96000	1.3113022e-09	98.90651	-0.014476195	-16.920288	0.77972376	0.015252632	0.2265	7.0	169.09246516227722
24	-29.613785	49.71178	12.533793	-188.41971	166.30435	-15.419706	5.4091077	-0.49022183	-33.79004	100000	7.390976e-09	128.2821	-0.054960225	-23.784477	0.7780427	0.01175004	0.2495	79.0	176.83667063713074
25	-51.723343	78.86657	64.449745	-185.63371	407.66666	-15.855033	5.4729385	-0.27436906	-32.06015	104000	-6.556511e-09	101.14362	-0.014672551	-7.933609	0.7658834	0.015508219	0.23075	10.0	183.6086220741272
26	-17.248983	46.684162	71.98757	-144.24823	216.88235	-12.994817	6.189245	-0.24796763	-30.226046	108000	2.3841857e-09	263.11127	-0.015692784	-28.623123	0.76398265	0.01552604	0.2705	8.0	189.9721164703369
27	-72.05279	89.809944	25.101112	-228.07214	427.44446	-11.3354025	5.401327	0.19036041	-28.61692	112000	1.2278557e-08	185.05675	-0.011195372	-25.130661	0.7621753	0.017312437	0.18325	7.0	196.1187400817871
28	-31.779879	63.882534	96.1461	-162.53616	276.81818	-14.412158	5.479958	-0.32843402	-31.296728	116000	3.8146974e-09	141.42152	-0.01390459	-6.7881775	0.76062685	0.015091041	0.18175	6.0	202.5159411430359
29	-32.453224	53.522755	15.953375	-196.49527	203.63158	-12.056775	5.7083793	-0.17487769	-28.863401	120000	1.7404556e-08	127.710976	-0.011435855	-12.459412	0.75919	0.016155662	0.2585	8.0	209.10275197029114
30	-25.506426	52.88264	50.21023	-217.28285	152.76923	-11.378138	4.735187	-0.20225608	-28.901123	124000	1.3113022e-08	221.9612	-0.049923755	-15.759369	0.75732976	0.011309085	0.23025	79.0	217.03666496276855
31	-22.654491	38.989887	24.002047	-140.87025	137.7931	-12.514137	5.625708	-0.20703524	-35.23895	128000	3.218651e-09	261.75574	-0.053255748	-23.72725	0.7443379	0.011253627	0.22025	79.0	224.3423535823822
32	-14.613095	45.694	42.558723	-129.68826	208.47368	-12.433789	5.095663	0.37420934	-31.448618	132000	-7.867813e-09	271.27347	-0.05416059	-34.05493	0.7365362	0.011786745	0.238	79.0	231.16629791259766
33	-24.556341	55.86123	40.15958	-168.43712	281.92856	-9.06528	3.9809463	0.17476754	-25.135567	136000	-2.0980835e-08	175.98213	-0.01678392	-17.445328	0.7274061	0.016972903	0.19525	7.0	236.98397183418274
34	-15.361159	24.755432	17.536001	-59.326492	241.61539	-7.33075	2.8576307	0.30031013	-21.98054	140000	-1.7762185e-08	67.796875	-0.011518932	-3.7481308	0.7264817	0.01505195	0.22775	7.0	242.96684527397156
35	-13.374349	47.289608	31.073473	-149.14395	166.85715	-6.872004	3.1028311	0.36881053	-17.784683	144000	-5.3644182e-09	170.27153	-0.012729842	-21.97194	0.72494966	0.016173294	0.21975	8.0	249.02197265625
36	-24.207237	58.868153	39.7211	-176.08289	213.44444	-9.591341	4.51557	0.41858292	-29.036167	148000	2.384186e-10	201.44263	-0.013774453	-6.598175	0.72314686	0.0152529	0.26575	9.0	255.35516619682312
37	-0.41474545	28.922443	47.500584	-91.061104	218.23529	-8.913848	4.382043	0.9807772	-24.156975	152000	-9.298325e-09	168.3659	-0.015002767	-36.522675	0.7213469	0.016340625	0.23025	7.0	262.45780634880066
38	-17.818365	46.66845	47.594524	-107.5501	284.42856	-3.7337694	2.45561	0.6917694	-17.708162	156000	-4.053116e-09	147.50592	-0.012875969	-6.4035034	0.7198651	0.015102941	0.239	8.0	270.34586668014526
39	-10.076794	39.543926	60.850403	-100.13004	219.05556	-5.8305507	3.0085204	1.2518545	-20.750347	160000	-1.1980534e-08	91.5142	-0.012488042	-4.07222	0.7179473	0.016999701	0.2235	7.0	277.5808982849121
40	-16.89099	27.236513	16.418213	-78.4962	355.0909	-5.6753006	3.1432862	1.84147	-21.31277	164000	1.7881394e-08	147.63687	-0.011830898	-8.029709	0.71627283	0.016486732	0.2125	7.0	284.36818528175354
41	-12.835003	24.31263	18.502993	-58.086044	453.625	-5.948506	3.2618992	1.9977553	-19.607723	168000	2.861023e-09	114.19572	-0.012874274	-12.278259	0.71464056	0.017383246	0.225	8.0	290.98026871681213
42	-14.503553	39.90525	41.849518	-114.583305	214.0	-3.173342	2.9390798	2.5855954	-16.226479	172000	-1.2397766e-08	177.97803	-0.014089618	-23.195663	0.7124238	0.01746429	0.20175	7.0	297.8080983161926
43	1.6344566	44.929085	91.43865	-66.09411	248.0	-5.952159	4.721283	4.312268	-24.26954	176000	2.4199485e-08	181.90503	-0.05531107	-40.74243	0.7102689	0.013586488	0.25725	79.0	305.80797719955444
44	9.511009	33.153008	81.459785	-52.75782	323.0	-2.0357122	7.330887	19.274881	-23.851706	180000	-1.013279e-08	272.01553	-0.052493587	-47.89035	0.69674635	0.008914893	0.2235	79.0	313.7787480354309
45	5.862865	31.721119	57.172344	-81.83442	300.23077	-0.63868064	6.9682064	25.398386	-20.74226	184000	-1.2159347e-08	143.94582	-0.016118707	-20.75879	0.6884734	0.015429825	0.232	10.0	321.49332880973816
46	-15.602411	44.627823	49.515514	-169.89647	190.0	0.41365632	6.02367	23.726805	-16.2562	188000	-1.4781952e-08	315.24313	-0.054512966	-110.6532	0.68725806	0.007018731	0.24375	79.0	329.21393752098083
47	24.08917	31.918873	138.71852	-13.479562	148.03703	-5.66984	3.858611	16.296146	-29.82251	192000	1.0251999e-08	372.46558	-0.043907546	-240.40688	0.6773098	0.015101107	0.194	44.0	337.85209941864014
48	12.911875	65.5774	91.87271	-69.78033	727.4	3.9945838	4.821547	21.244677	-5.5486207	196000	6.3180923e-09	145.12427	-0.015457138	-26.35131	0.6696814	0.0154089155	0.22075	7.0	344.910835981369
49	26.193352	40.331738	137.35344	-19.823484	243.5	3.6810222	4.5246544	20.992569	-10.069151	200000	5.90086e-09	181.47397	-0.01362628	-28.818665	0.6684542	0.016435722	0.2655	8.0	351.78774785995483
50	23.547987	17.92017	50.436493	-9.201418	301.84616	5.330468	5.954538	20.840343	-13.147741	204000	-1.6570091e-08	103.79038	-0.013716317	-15.819664	0.6669822	0.015859699	0.206	6.0	361.4226806163788
51	18.27824	32.415123	117.71841	-43.8485	195.6	4.422035	5.337813	17.994696	-14.631616	208000	-1.9043684e-08	179.57169	-0.010281353	-21.35617	0.6657719	0.01630717	0.23175	6.0	372.03235483169556
52	37.284332	25.477036	90.22358	-1.702522	422.5	3.1041873	5.163836	27.000193	-12.740473	212000	-1.9073487e-09	99.95423	-0.012602438	-23.508797	0.66455454	0.015391651	0.25375	9.0	381.1817560195923
53	23.170008	34.184074	110.61363	-38.28313	161.54167	8.207017	7.197005	29.917519	-11.4298315	216000	5.722046e-09	149.69179	-0.015163965	-25.03469	0.66238385	0.015114912	0.202	6.0	389.50827717781067
54	31.786324	28.975693	74.1355	-16.054447	449.0	5.4235206	4.2958436	24.605108	-5.5550685	220000	-8.642673e-09	97.447845	-0.0103093535	-12.448639	0.6610509	0.016438395	0.23875	7.0	398.16378235816956
55	17.31404	25.979939	99.96546	-8.294412	232.35294	6.0192165	5.463977	23.205776	-13.414851	224000	-2.1457671e-09	142.87833	-0.013903509	-36.96118	0.6597502	0.016618973	0.22275	7.0	406.474160194397
56	29.234167	46.5668	137.39641	-28.382273	353.18182	4.6932187	2.4712358	22.930502	-1.4540212	228000	1.5974045e-08	110.201645	-0.013033727	-16.650406	0.65853506	0.015803818	0.2395	7.0	413.60095858573914
57	24.331043	23.162027	58.909534	-15.780497	382.9	4.8535137	4.4074755	24.909117	-8.265494	232000	-3.3378602e-09	140.32887	-0.012638458	-21.983368	0.65706444	0.016282776	0.219	8.0	420.5731122493744
58	30.357927	56.61686	231.4846	-4.260535	258.6	4.432969	3.462489	24.211506	-4.3826513	236000	-3.182888e-08	234.50758	-0.014826694	-46.567047	0.65529925	0.017023453	0.19525	7.0	427.6200113296509
59	25.311398	20.029701	76.94905	-22.250338	209.26315	7.0806828	5.3891277	39.704964	-13.753052	240000	-5.9604646e-09	128.24408	-0.012005688	-33.782166	0.65376097	0.015254598	0.1835	6.0	434.6868200302124
60	25.265577	43.12822	143.35725	-24.278162	242.5	5.0512037	4.20127	27.093319	-9.724494	244000	-8.225441e-09	178.46686	-0.011575363	-37.114883	0.6524738	0.016193623	0.20125	8.0	441.67908215522766
61	31.421642	29.648985	83.158806	-8.154683	259.8	7.6574874	6.142641	39.054405	-4.815821	248000	-9.536744e-10	146.32391	-0.0140677495	-32.95807	0.6506303	0.015928369	0.239	7.0	450.02689027786255
62	19.8084	39.847847	119.34673	-20.673986	266.92856	6.7214766	3.848248	26.819143	-11.780046	252000	-1.3589859e-08	120.10071	-0.013658413	-23.334412	0.6491664	0.01697522	0.22575	7.0	460.7073378562927
63	18.934618	44.500874	116.81264	-47.341446	221.11765	7.89093	5.90559	33.84046	-13.428227	256000	2.6226044e-09	248.59204	-0.012525189	-56.08351	0.6478677	0.018823784	0.2385	7.0	470.33762097358704
64	12.561323	28.23527	66.1051	-37.330856	212.83333	5.3619013	6.943183	35.142883	-13.088698	260000	-1.1444092e-08	170.38467	-0.013815444	-34.91661	0.6465109	0.017251896	0.23525	8.0	478.5001890659332
65	55.82448	51.605	150.31004	3.4424133	360.54544	3.139832	5.224017	30.373758	-13.756137	264000	-9.775162e-09	165.17682	-0.011700311	-78.254974	0.64497614	0.016893677	0.206	7.0	485.6919856071472
66	39.309536	62.180042	141.57764	-102.97027	288.15384	8.233285	7.189384	39.968136	-8.613986	268000	-1.4901161e-09	296.08154	-0.01543455	-99.9852	0.64350647	0.015836066	0.28175	10.0	492.99321603775024
67	33.25429	27.52079	80.69577	-6.319831	443.8889	5.837556	7.742129	35.907593	-29.892841	272000	5.9604646e-09	108.20428	-0.013339804	-44.686787	0.6415935	0.015103531	0.197	7.0	500.76133728027344
68	43.340652	59.459488	221.05801	-29.12104	229.125	7.1331635	4.4971743	31.679182	-19.36542	276000	-7.1525574e-10	268.91797	-0.05297375	-80.44365	0.64020044	0.014914481	0.23425	79.0	512.5725455284119
69	26.693277	30.729218	100.37169	-22.220245	251.28572	8.985397	8.644167	45.681095	-30.693504	280000	-1.45435335e-08	142.51596	-0.015035509	-37.691017	0.63169247	0.016898118	0.24025	8.0	522.2422609329224
70	51.914776	43.378124	127.33	6.610528	224.66667	9.884879	6.8932185	38.23973	-13.76777	284000	3.4570693e-08	321.97217	-0.012429591	-79.682495	0.6309632	0.015149115	0.22475	8.0	530.7363941669464
71	35.65838	41.43145	107.4773	-18.522913	240.625	8.79342	10.189618	41.322857	-25.418913	288000	2.360344e-08	190.04405	-0.013219442	-47.330383	0.62984127	0.017274313	0.2505	8.0	539.3142070770264
72	33.603188	31.418669	111.06551	-6.5853124	242.5	8.325226	6.2652097	37.049442	-13.3389	292000	-6.198883e-09	137.09941	-0.013469504	-31.023918	0.6284843	0.016508877	0.13225	5.0	547.6671895980835
73	26.743835	36.45305	93.01153	-18.01705	664.0	6.7435956	5.133153	31.475222	-8.706476	296000	5.00679e-09	213.58527	-0.012623235	-69.77971	0.62747866	0.015459187	0.24625	8.0	556.1966679096222
74	33.07019	44.625145	124.8203	-9.312063	225.73334	4.218415	5.5271225	39.766663	-30.876305	300000	1.5735626e-08	184.5001	-0.011391538	-86.632324	0.62575203	0.016561061	0.23675	6.0	564.5665817260742
75	25.002506	43.927498	111.80994	-67.31415	222.3125	10.731606	4.73275	32.856678	-6.968898	304000	6.198883e-09	165.65369	-0.012006032	-36.102127	0.62444055	0.017983448	0.252	7.0	572.9331817626953
76	50.48863	68.88092	248.67067	-2.84769	267.30768	7.522515	6.043874	34.279163	-12.272103	308000	1.0251999e-08	235.84468	-0.012137579	-68.33067	0.62289333	0.017517855	0.2195	7.0	581.4542708396912
77	26.738516	29.833902	89.885994	-10.812287	160.47368	12.589443	8.27707	45.29361	-12.839654	312000	-8.5830685e-09	183.32178	-0.012414964	-85.10729	0.6216248	0.015963804	0.23475	9.0	590.0234363079071
78	34.08918	40.84823	123.18991	-53.11567	192.85	8.564604	5.2306147	30.12074	-13.093152	316000	-3.4570693e-09	309.1065	-0.014707547	-82.0632	0.620197	0.017729487	0.2145	7.0	599.269314289093
79	51.877556	52.73087	159.35268	-24.685892	343.44446	7.2627215	6.626381	32.380005	-15.481371	320000	1.29342075e-08	150.89899	-0.012998199	-39.062935	0.6192434	0.016486967	0.252	8.0	608.8522007465363
80	20.383198	30.396662	89.22705	-36.637104	170.8421	11.027948	9.040095	40.985115	-27.838402	324000	7.152557e-09	197.53635	-0.01283353	-80.79203	0.61814684	0.016241232	0.20525	7.0	617.3906178474426
81	52.683483	67.76868	156.57634	-55.07118	571.0	4.2239	5.6734734	32.60403	-17.648659	328000	-2.6226044e-08	98.83389	-0.011841749	-43.098637	0.6171851	0.01664836	0.19725	6.0	626.6826956272125
82	58.85862	46.70368	133.34442	11.2166815	340.63635	10.849303	7.8551455	36.133526	-22.664354	332000	-2.6822091e-09	155.24564	-0.010626776	-58.485474	0.6158751	0.015049151	0.2015	6.0	635.1822400093079
83	32.3298	47.142803	125.95833	-11.73251	278.85715	11.424893	7.199994	35.319984	-10.101986	336000	1.5497207e-08	191.43335	-0.052212544	-44.25685	0.61418164	0.012956071	0.22825	79.0	644.9196691513062
84	55.06859	44.09597	136.14764	-10.118107	255.26666	9.969141	8.199911	33.241028	-18.24333	340000	4.529953e-09	201.57251	-0.05584166	-61.13817	0.6048022	0.010845946	0.248	79.0	655.0001564025879
85	188.70192	59.327084	280.58862	114.89211	1000.0	10.4479885	7.4604487	36.736534	-21.828016	344000	2.026558e-09	175.23381	-0.016227977	-116.35542	0.5919337	0.015519438	0.26775	10.0	663.5902996063232
86	96.806114	58.94668	199.63876	27.411764	572.0	14.727224	7.609641	57.70354	-4.020696	348000	5.841255e-09	95.88142	-0.012636358	-36.098343	0.5905156	0.015228271	0.211	8.0	672.0039918422699
87	69.47398	76.530556	227.30084	-14.65297	350.44446	15.63951	5.9491153	47.971092	-3.9268274	352000	-1.3828277e-08	184.49648	-0.012319853	-49.601257	0.589253	0.01624311	0.203	7.0	679.3475587368011
88	68.9054	60.671917	198.34766	12.526715	444.625	16.80978	6.047455	49.07301	-1.1147645	356000	-1.07288365e-08	120.59942	-0.012984982	-37.166405	0.58814234	0.016540337	0.21075	7.0	686.4604132175446
89	83.47156	50.558872	177.73776	-8.644158	368.5	13.905672	4.375024	37.15443	-4.623042	360000	-3.0875206e-08	240.72275	-0.012018083	-94.90112	0.5869116	0.016682396	0.197	6.0	693.3741497993469
90	84.35219	71.37473	171.82939	-14.306713	728.0	8.334798	9.622042	59.058815	-21.671202	364000	1.31726265e-08	156.23206	-0.013822329	-39.980934	0.58581775	0.01508022	0.225	8.0	700.7006001472473
91	144.66098	62.065395	252.52464	72.10777	466.0	17.968788	11.294737	53.75373	-14.776548	368000	6.198883e-09	260.3802	-0.012119744	-86.19104	0.58426386	0.018204307	0.24325	7.0	707.7965722084045
92	51.249195	61.882027	198.94395	-48.35469	283.0909	18.90855	11.87262	51.65061	-6.4400125	372000	-3.3378602e-09	304.26144	-0.012515942	-183.26997	0.582908	0.015710294	0.255	10.0	715.0305829048157
93	70.63127	85.91599	235.95193	-79.59655	435.33334	10.112907	9.108668	42.299305	-16.43123	376000	-8.34465e-09	228.29663	-0.012812118	-67.621475	0.5812351	0.015588566	0.18625	7.0	722.0583703517914
94	91.94103	58.688084	197.23596	11.865672	392.7	14.735539	8.3691	45.02421	-15.081498	380000	-1.1920929e-09	138.54637	-0.014575628	-37.55208	0.57988524	0.015258969	0.2615	10.0	729.3443593978882
95	91.15024	59.842617	217.59921	31.493704	393.8	14.284963	9.201988	41.1132	-8.022006	384000	4.768372e-10	210.10652	-0.04919359	-43.49608	0.5775977	0.011380703	0.21	79.0	737.486221075058
96	129.80594	117.7088	376.4399	16.919657	463.0	18.008574	7.7256217	39.52299	-16.488798	388000	-1.4781952e-08	204.84264	-0.015207829	-79.522736	0.56933546	0.016625803	0.25875	9.0	744.6335325241089
97	78.61541	83.840096	256.00684	-13.042464	363.3	19.853306	10.428908	53.538715	-17.7434	392000	8.940697e-09	335.08878	-0.0142368395	-129.08534	0.5685829	0.01798188	0.22675	8.0	751.8323459625244
98	113.56018	83.429855	232.15784	-11.939861	570.0	15.85074	7.7513423	40.88701	-17.041721	396000	6.556511e-09	191.03868	-0.011409499	-70.56124	0.56752294	0.015703257	0.20375	7.0	759.1412191390991
99	68.54986	85.891365	274.9605	-6.9881682	261.0	21.251738	6.791264	48.631165	-3.2190373	400000	-1.2993812e-08	231.14262	-0.012335278	-46.855072	0.56657946	0.016183997	0.20725	8.0	766.667174577713
100	105.49403	75.88147	226.43063	-4.447655	414.66666	21.2634	8.274941	53.31107	-3.8521252	404000	-7.390976e-09	267.80292	-0.051957402	-58.371872	0.5655057	0.0149869	0.23475	79.0	774.4739723205566
101	123.59699	86.8812	278.86673	1.4600642	363.36365	24.085474	8.242738	53.335472	-15.787794	408000	-8.106232e-09	346.67758	-0.014693488	-83.20111	0.5587129	0.017121123	0.239	9.0	781.3051600456238
102	79.660576	91.837265	262.36548	-0.577834	344.2	21.697527	9.212401	54.5299	-22.655525	412000	1.0490417e-08	167.74869	-0.01365926	-86.85192	0.55800635	0.015920088	0.20775	7.0	789.6357276439667
103	114.31866	77.70497	248.55435	13.249469	523.8571	15.429986	5.069975	33.791073	-5.799978	416000	-3.0398368e-09	112.361786	-0.04967781	-24.27636	0.55698216	0.01508827	0.207	61.0	797.6189632415771
104	262.20715	7.6743383	273.7002	254.91122	954.25	18.776375	6.666424	44.08907	-2.8636117	420000	1.9073487e-09	182.62079	-0.014895323	-76.684715	0.5452364	0.018039707	0.20675	7.0	804.3279759883881
105	108.60164	88.988556	265.60895	21.529797	425.77777	25.292301	8.16915	52.181385	-10.061792	424000	3.3378602e-09	300.27075	-0.012405655	-148.07678	0.5444607	0.016795458	0.25825	8.0	811.139487028122
106	136.03773	98.95231	264.257	16.229088	561.6667	20.131012	9.709816	46.926277	-16.385298	428000	8.5830685e-09	182.75713	-0.0149431825	-44.057007	0.54313326	0.016449383	0.2595	9.0	817.9792742729187
107	146.54982	90.93881	274.9566	23.223875	534.8571	18.31226	10.463757	44.409477	-10.77181	432000	1.1444092e-08	295.96664	-0.011757253	-92.40045	0.5415437	0.017544316	0.23975	8.0	825.1437497138977
108	167.79768	105.88082	393.4656	36.64744	487.75	28.668242	9.805202	65.0632	2.6475997	436000	-8.225441e-09	225.4286	-0.012277605	-54.6781	0.540034	0.016353194	0.227	8.0	832.5753254890442
109	121.17209	84.74034	268.4604	16.985085	331.16666	28.027842	7.1467023	54.81753	5.443146	440000	-1.07288365e-08	162.56113	-0.014502871	-26.932877	0.53869104	0.015066159	0.21175	7.0	839.3900072574615
110	104.67099	88.57384	294.2684	6.081801	423.33334	28.217796	6.798024	48.93286	3.842096	444000	-1.8835069e-08	320.41727	-0.016882902	-120.06337	0.5377885	0.015070753	0.24675	11.0	846.125809431076
111	134.6484	68.20097	232.53741	45.146244	561.8571	22.294996	5.7457886	45.792564	-1.3956158	448000	-4.2915342e-09	133.95477	-0.012300299	-32.983536	0.5362419	0.015310859	0.17975	6.0	852.9499535560608
112	91.401474	71.25475	217.63072	1.4327093	394.6	20.849281	7.271235	48.939034	-3.9744189	452000	-1.3828277e-08	143.38425	-0.011207214	-37.361748	0.5352585	0.018020356	0.22575	6.0	859.7246739864349
113	157.94469	121.60887	340.56976	9.422121	498.0	19.750378	5.7606072	39.62832	-3.8012667	456000	5.4836273e-09	259.6753	-0.011160836	-100.01398	0.5342694	0.015682051	0.1645	6.0	866.6859624385834
114	180.5609	125.20764	392.95844	58.42782	659.3333	26.768871	7.2403045	56.206318	0.89699805	460000	-3.3378602e-09	239.03381	-0.053581912	-45.58876	0.5330686	0.014491219	0.24725	79.0	874.7250781059265
115	102.21525	82.62344	272.36386	4.263846	385.625	24.924398	6.050547	49.69312	3.926947	464000	8.106232e-09	251.92778	-0.015063984	-49.575974	0.5245782	0.0155332675	0.22375	8.0	881.532173871994
116	86.79849	91.79175	305.76215	-5.109031	355.77777	20.641758	4.989839	43.888744	0.36383757	468000	4.053116e-09	172.1098	-0.011949827	-46.647545	0.5240704	0.015852945	0.22125	9.0	889.3051829338074
117	95.01562	90.45275	275.5666	-6.5572057	323.25	20.038656	6.0287304	41.84847	-14.281181	472000	-7.987023e-09	195.0909	-0.013510611	-69.590576	0.522872	0.0165913	0.25675	8.0	897.0385489463806
118	203.10664	100.88029	321.35455	68.2564	615.8333	22.252018	6.9469733	48.19456	-7.268424	476000	1.4305115e-09	163.02708	-0.012444775	-84.59893	0.52166355	0.017719306	0.19575	8.0	904.4738757610321
119	186.1433	99.47379	347.15216	63.46565	555.0	27.713829	7.6748095	50.953217	-0.4930667	480000	4.768372e-10	171.2493	-0.014376079	-30.416916	0.5207341	0.01577987	0.213	7.0	911.5103123188019
120	159.4105	92.09991	269.9516	20.94466	529.8571	27.023703	8.97216	50.345642	-1.7658265	484000	-6.6757204e-09	208.49155	-0.009927603	-56.125977	0.5197888	0.017554415	0.1955	6.0	918.6493752002716
121	171.27599	102.87195	279.89737	18.46729	585.8333	23.8013	11.756877	54.9778	-6.9857016	488000	6.9141386e-09	228.81001	-0.009019671	-73.55748	0.5187994	0.01533366	0.205	6.0	925.3635065555573
122	227.87337	144.95195	443.72415	11.400185	625.0	27.534113	12.703239	64.87708	-6.4300046	492000	-1.5974045e-08	195.10767	-0.011763095	-68.64865	0.51789165	0.015337617	0.21875	8.0	932.8096680641174
123	118.1103	117.233	306.67834	-3.5729032	510.14285	29.082657	11.189897	64.3458	-0.5211917	496000	-6.7949295e-09	431.50272	-0.01414041	-269.89233	0.51662517	0.01695906	0.203	7.0	940.400999546051
124	125.28322	148.6573	417.22305	-4.0208726	362.66666	19.295704	5.870456	37.809105	-5.297845	500000	1.835823e-08	414.72186	-0.010900369	-240.54492	0.51541424	0.015123712	0.22775	7.0	947.3348820209503
125	145.8677	80.57138	296.2642	32.058254	399.4	27.794613	9.87583	59.855595	-14.545614	504000	1.4305114e-08	141.21175	-0.014676951	-38.696022	0.51421314	0.015233646	0.2565	9.0	956.82142329216
126	151.17758	125.033195	357.9275	2.1562922	392.5	30.731031	8.504164	54.063828	-4.500886	508000	-9.775162e-09	340.0299	-0.05247731	-126.929276	0.51269907	0.013744758	0.232	79.0	969.0137846469879
127	177.03645	111.533905	334.83057	32.22897	556.4286	29.38836	9.806086	56.989243	-5.960804	512000	8.8214875e-09	210.79688	-0.014972659	-51.857025	0.5004047	0.019040188	0.21625	7.0	978.5351300239563
128	207.52428	103.51648	330.9127	24.583298	646.8333	24.348219	9.468545	53.31998	-6.797369	516000	-9.6559525e-09	105.02496	-0.011257995	-40.14953	0.49987417	0.015305552	0.2035	7.0	988.0736527442932
129	179.45474	143.29039	358.84448	8.578956	478.5	30.942623	6.40349	51.878605	-0.07079637	520000	-1.847744e-08	119.70548	-0.015318548	-28.23867	0.49890918	0.015269727	0.2345	7.0	997.5333662033081
130	148.43695	119.070564	386.1859	32.809696	401.22223	32.55296	9.846131	71.18122	-0.49741706	524000	-1.4781952e-08	189.12093	-0.010932858	-66.808685	0.49793875	0.017356358	0.24725	7.0	1006.94864153862
131	262.4392	88.39468	320.8389	109.84804	809.25	24.719917	10.465271	57.481396	-8.574082	528000	8.106232e-09	156.5036	-0.012173947	-62.948822	0.49700728	0.016593652	0.2125	7.0	1016.2591893672943
132	126.08359	120.761696	383.28635	6.487546	294.81818	30.69859	8.573936	55.582047	0.9350373	532000	-1.1920929e-09	206.32297	-0.014118682	-52.48677	0.49592933	0.017742822	0.21475	7.0	1024.5064313411713
133	147.26451	109.07421	325.84485	11.778774	465.0	27.722626	11.033427	57.68419	-4.7171936	536000	1.4781952e-08	281.76373	-0.009002457	-63.433273	0.49495485	0.01555424	0.16375	6.0	1031.2005047798157
134	143.63557	128.93575	453.8739	13.96156	395.1	28.251104	9.243263	51.382164	-1.2953994	540000	3.695488e-09	314.27728	-0.04908226	-55.66925	0.49425587	0.015017441	0.22	68.0	1038.6865675449371
135	335.673	52.12481	397.20615	278.50836	896.75	31.32439	5.618932	53.69698	10.868361	544000	-1.5974045e-08	158.86185	-0.01414295	-49.063087	0.49011406	0.017699549	0.22	8.0	1046.1894652843475
136	166.7189	126.91986	375.96112	15.095274	441.85715	31.239866	11.766114	67.08704	-6.221373	548000	-6.0796737e-09	174.08156	-0.05101364	-54.77613	0.48948747	0.010462426	0.24625	79.0	1053.9519021511078
137	179.52182	136.318	461.3702	43.29364	436.33334	32.5143	8.808154	66.15396	-1.3576272	552000	-1.502037e-08	342.70642	-0.015153875	-57.49997	0.4832546	0.015408966	0.23975	9.0	1063.097182750702
138	155.96964	120.11867	425.5833	40.472176	491.25	29.981226	11.635592	66.5124	-8.465632	556000	-4.2915342e-09	285.5143	-0.013260078	-95.27823	0.4824515	0.015571792	0.24625	8.0	1072.5573909282684
139	174.52547	125.7635	392.34067	48.09493	428.77777	27.924133	13.564706	68.69579	-11.7481365	560000	4.172325e-09	306.94717	-0.01185066	-101.216324	0.48132578	0.01615014	0.23925	8.0	1081.978327512741
140	248.57329	117.09234	367.12228	68.79369	790.25	30.85401	7.657577	58.544605	-0.73453987	564000	1.4305115e-09	122.377716	-0.014900974	-26.485817	0.4802353	0.017155383	0.2825	8.0	1091.3550553321838
141	193.3195	177.73828	481.84506	28.043135	387.625	30.49877	9.008424	54.88936	1.5889783	568000	-5.9604643e-10	294.75214	-0.013135254	-121.396286	0.4790885	0.017665349	0.21575	7.0	1100.7243118286133
142	239.95651	180.24355	544.0934	1.8812499	662.0	37.963226	7.741577	62.955425	7.1549625	572000	-1.9073486e-08	214.92712	-0.04643239	-66.75546	0.47802868	0.01502388	0.21975	59.0	1111.6532447338104
143	228.25659	120.454414	401.4844	35.647392	658.5	34.289543	9.393173	69.80195	9.845379	576000	6.9141386e-09	287.20258	-0.052106492	-89.81033	0.47247872	0.012243087	0.2455	79.0	1123.1511380672455
144	183.51329	167.82579	419.27444	1.6970681	489.57144	33.894524	8.870915	66.1533	-6.721041	580000	2.0056962e-08	258.8642	-0.014743431	-70.94176	0.46450135	0.01837309	0.18325	7.0	1132.4091217517853
145	241.05048	105.6741	388.2888	90.67538	547.8333	33.88742	8.089276	68.73062	4.2494407	584000	1.2397766e-08	169.37106	-0.011897261	-53.825775	0.4640265	0.016640825	0.26275	8.0	1140.832859992981
146	168.58083	136.25305	383.89664	21.646889	454.75	33.32056	10.370189	64.94632	-4.6676445	588000	-1.525879e-08	236.85693	-0.011924088	-103.380066	0.4631079	0.015137274	0.193	7.0	1150.2059853076935
147	352.49448	161.73712	566.90704	111.26318	841.0	30.714117	7.475199	58.962666	-7.580705	592000	-1.1920929e-09	278.44116	-0.015380397	-150.1931	0.4620843	0.015557308	0.24125	9.0	1159.412725687027
148	176.06958	137.08092	387.9843	16.233122	534.0	33.032097	15.027503	69.87036	-11.547043	596000	-1.7166137e-08	285.38794	-0.01363409	-122.56372	0.46062997	0.01599989	0.23025	8.0	1169.4212110042572
149	302.0535	188.62453	572.86835	86.37332	665.2	30.541492	8.797591	52.520493	-6.5311456	600000	4.529953e-09	279.3498	-0.013382312	-144.04192	0.45934263	0.01695007	0.22925	8.0	1179.8737223148346
150	182.64522	91.79096	323.52423	13.437543	474.625	34.056973	14.340747	73.50743	-0.63189447	604000	7.688999e-09	284.711	-0.010428526	-68.65614	0.45827222	0.015032145	0.22375	8.0	1190.1675877571106
151	365.40753	29.440535	415.95026	343.09534	961.75	26.84218	16.737097	69.90079	-15.122767	608000	-9.298325e-09	274.05588	-0.051309448	-167.16766	0.45723018	0.013242105	0.2165	79.0	1201.115529537201
152	280.0636	153.52734	528.37683	51.999767	622.1667	38.866936	9.05957	61.806686	13.364464	612000	-1.168251e-08	246.74469	-0.015114604	-31.221436	0.45159274	0.015754716	0.208	8.0	1210.8446431159973
153	229.28008	111.3462	422.65344	54.384594	632.6667	36.671658	11.780774	69.2668	4.9779673	616000	5.3644182e-09	247.00815	-0.011765532	-83.33118	0.45047897	0.01567765	0.19825	7.0	1221.049418926239
154	288.3681	169.11621	510.31824	42.041267	647.8333	34.16484	6.9351163	56.223614	10.218252	620000	1.168251e-08	218.42813	-0.011840973	-58.13304	0.44914287	0.016021645	0.26575	8.0	1231.0897917747498
155	253.43495	149.05984	492.1346	81.96561	616.1667	38.24628	8.718521	64.637794	10.257255	624000	-5.00679e-09	148.00783	-0.013634796	-39.03486	0.44759476	0.015590764	0.257	8.0	1240.8176851272583
156	255.00061	68.801315	369.19586	163.61601	607.8333	35.27361	10.170989	59.93871	1.1682851	628000	-3.4570693e-09	320.51068	-0.014119115	-80.33876	0.44600737	0.017807443	0.278	7.0	1250.5968177318573
157	306.37564	177.21518	531.74493	46.280987	654.0	35.624405	10.451193	66.92944	-8.993932	632000	-4.768372e-10	164.00868	-0.015989734	-63.317627	0.44488305	0.015178082	0.27425	10.0	1260.5602414608002
158	333.06073	73.580956	420.75	216.8262	775.75	39.298775	12.286135	70.60305	7.603599	636000	-3.0994416e-09	313.09842	-0.014852625	-63.881638	0.44310755	0.017058121	0.21925	7.0	1270.876841545105
159	342.6839	43.184017	376.47937	268.78098	858.25	36.094666	7.487243	68.30786	6.4855995	640000	1.6093255e-08	70.32941	-0.013336947	-17.020676	0.4418967	0.017435003	0.2355	6.0	1280.8752791881561
160	175.91667	143.13434	487.5093	8.700728	394.1	38.7509	9.544333	69.26636	7.6313844	644000	7.152557e-09	380.91068	-0.011096171	-91.70068	0.44084576	0.015325926	0.23475	6.0	1291.354989528656
161	219.90308	159.0297	488.96466	25.50169	490.2857	35.464134	12.476923	67.87368	-7.8638487	648000	-4.351139e-09	294.3054	-0.052242413	-76.765976	0.43969962	0.0074424567	0.23025	79.0	1303.7577331066132
162	221.2343	117.21741	367.27826	47.490906	619.6667	35.7372	9.227915	66.80808	4.356581	652000	1.0251999e-08	168.81003	-0.014040499	-59.430107	0.43131116	0.015654352	0.22175	9.0	1312.771623134613
163	283.43008	196.39131	560.2631	34.05894	590.3333	34.20996	9.046559	58.718666	-0.8723988	656000	5.275011e-09	327.24896	-0.014594905	-131.60619	0.4303408	0.016400829	0.245	8.0	1321.5615243911743
164	252.49625	217.97092	593.67065	29.52975	525.5714	40.099236	13.169726	71.7628	0.8758211	660000	1.4364719e-08	270.67838	-0.012460938	-74.40137	0.4289827	0.016167188	0.23	7.0	1330.0769982337952
165	285.7622	131.8687	415.5557	57.207058	630.0	36.773983	13.871167	67.7099	0.031738102	664000	3.0994416e-09	186.38614	-0.011558688	-29.479172	0.42757285	0.017650869	0.21025	7.0	1339.0342390537262
166	284.31094	176.90388	531.10175	72.567505	570.8571	44.27541	10.614253	75.41295	4.0658054	668000	-9.059906e-09	218.99394	-0.013912404	-43.357025	0.42607385	0.015733289	0.24	9.0	1348.122888803482
167	247.308	190.05399	554.125	3.9807992	411.44446	43.76607	8.366501	68.57118	7.451997	672000	1.5437603e-08	432.50015	-0.012485603	-127.90289	0.42463905	0.015534445	0.156	6.0	1357.0072627067566
168	153.31268	112.82213	415.27533	21.505459	404.66666	35.78742	22.245653	84.89075	-39.724823	676000	7.748604e-10	523.3478	-0.01114598	-247.65747	0.42385525	0.0169048	0.22	7.0	1365.800624847412
169	363.43732	229.05455	755.9696	190.95296	889.0	31.6672	11.551891	62.262886	1.8821402	680000	-3.0994416e-09	414.18835	-0.015487815	-160.94846	0.42292273	0.018319268	0.235	7.0	1374.869961977005
170	232.07027	150.96915	394.904	46.400578	548.4286	39.90996	15.405121	89.8491	4.650971	684000	-9.536743e-09	308.30206	-0.052972414	-92.03691	0.42210203	0.012173349	0.247	79.0	1385.1620094776154
171	308.9558	189.75706	593.9629	77.02499	667.4	37.546665	18.714277	91.42857	-5.2152967	688000	-1.66893e-08	339.1562	-0.049153157	-101.68788	0.41754377	0.010951611	0.22225	79.0	1395.4857590198517
172	261.61072	149.11269	483.46326	99.1546	641.8333	34.125523	13.139548	70.16407	-2.5973644	692000	-2.014637e-08	179.88782	-0.015096048	-70.78344	0.4130196	0.015458185	0.19975	6.0	1404.0900166034698
173	482.4488	82.76685	605.5573	374.36047	912.75	39.260056	10.019778	70.64633	11.597982	696000	1.3232231e-08	281.0281	-0.01496172	-145.92139	0.41249248	0.015368146	0.2685	9.0	1413.260008573532
174	498.79965	175.63759	678.65393	297.0555	989.5	48.028748	14.053999	74.43422	6.2030373	700000	1.1920929e-09	240.66988	-0.012420518	-59.52127	0.41155678	0.015350819	0.19775	7.0	1421.4030804634094
175	286.17084	164.07968	475.31754	-9.224966	729.4	44.340977	15.263527	79.78871	7.4580693	704000	3.2126902e-08	295.50836	-0.011579263	-138.72946	0.41061243	0.016038753	0.18875	6.0	1429.6478862762451
176	300.1571	172.50291	538.32904	130.70761	810.25	37.013256	8.794846	69.50497	9.017888	708000	-2.3841857e-09	423.90955	-0.011835241	-217.77968	0.40980572	0.015255663	0.248	7.0	1438.3500797748566
177	241.90918	143.21814	403.23016	7.9230175	650.0	39.741505	14.005761	79.811424	-1.078634	712000	3.4570693e-09	376.9542	-0.01455173	-199.22322	0.40860415	0.015923006	0.1605	5.0	1446.9878566265106
178	473.96484	176.97142	697.41284	171.48708	770.4	37.87118	10.170888	63.954174	6.105319	716000	-5.5015086e-08	633.7808	-0.009608027	-377.50107	0.4077099	0.016826037	0.249	6.0	1455.492069721222
179	300.2242	165.94331	489.29977	33.124886	758.25	47.672775	14.658061	83.7899	3.194399	720000	-3.516674e-09	249.9121	-0.012770279	-103.95882	0.40666494	0.016636997	0.21725	7.0	1464.070762872696
180	492.5096	255.29085	757.59393	113.07722	772.0	46.5579	11.846601	72.94156	4.3947315	724000	1.3351441e-08	382.82074	-0.012367808	-87.63489	0.4054923	0.0161095	0.2505	7.0	1474.1005363464355
181	341.94937	212.43289	684.62506	76.87971	717.4	49.575974	13.044495	92.36772	9.270882	728000	7.629395e-09	195.23593	-0.0154959485	-46.09868	0.4042486	0.01572976	0.27875	8.0	1482.8756663799286
182	302.1719	133.93971	504.09512	136.99998	785.25	36.8029	14.555771	84.08248	1.3716934	732000	-7.1525574e-10	310.42093	-0.011943727	-133.4116	0.40266263	0.017697293	0.2475	7.0	1492.96728515625
183	419.50592	213.24916	706.3191	112.772385	784.25	38.69976	17.234863	73.732635	-1.9602807	736000	3.8146974e-09	349.12277	-0.010753078	-149.38358	0.40158027	0.015171545	0.22075	7.0	1502.4666602611542
184	407.73422	163.36723	652.08856	196.854	861.5	46.000298	14.450194	79.87845	5.3162546	740000	2.8014183e-08	246.38684	-0.011235778	-45.707367	0.40038365	0.015111537	0.196	7.0	1512.380074262619
185	374.17838	84.418625	487.83752	247.73718	722.2	45.62972	14.096059	73.38304	7.9794464	744000	5.841255e-09	387.79587	-0.049760174	-125.365265	0.39908728	0.010841615	0.227	79.0	1521.4285759925842
186	463.94543	67.54383	529.1427	371.7104	913.25	46.49796	14.235774	78.64367	8.976776	748000	-1.1563301e-08	180.30643	-0.012765294	-40.337067	0.39227843	0.017233785	0.225	8.0	1529.9319808483124
187	346.19226	126.58478	462.77716	159.25583	680.4	53.64511	11.323143	82.99647	11.600072	752000	-1.4066696e-08	198.7389	-0.011859228	-82.13981	0.3917698	0.015823113	0.2075	8.0	1538.1690151691437
188	417.85837	54.14929	493.18457	340.07446	974.5	39.24567	12.951061	67.75044	10.25085	756000	1.7642975e-08	188.31984	-0.015607359	-41.630737	0.39090347	0.01530814	0.2575	10.0	1546.1362693309784
189	297.02	180.59627	545.8547	96.18869	552.5714	47.847054	10.3779745	70.282555	12.681988	760000	7.56979e-09	282.02747	-0.012983671	-51.89633	0.38923067	0.01695327	0.24275	8.0	1554.168570280075
190	357.3727	290.8441	802.5005	11.897531	598.3333	44.597023	12.440893	70.3402	3.8236628	764000	-3.2067298e-08	475.74185	-0.01145806	-163.01794	0.3878951	0.015346264	0.2185	7.0	1562.178837299347
191	327.48355	213.25702	558.61786	22.736301	612.0	53.65411	16.05335	88.77486	7.705603	768000	3.3378602e-09	220.1516	-0.01331573	-82.96947	0.3867466	0.018326137	0.2515	7.0	1570.05410861969
192	337.81934	139.89641	465.60806	90.47229	716.4	46.284027	11.63692	73.96422	8.130241	772000	-9.059906e-09	190.36978	-0.04601886	-46.75969	0.38571218	0.013098572	0.218	79.0	1579.1833062171936
193	562.4341	174.1069	802.8693	326.19037	896.0	47.41128	12.770627	75.1748	7.3391275	776000	3.98159e-08	567.0906	-0.052365866	-240.11166	0.37912413	0.01368893	0.239	79.0	1588.1527721881866
194	449.26855	192.09026	670.2481	154.39555	762.6	56.959362	16.839382	89.62794	1.6008188	780000	-3.0994416e-09	283.54562	-0.014964107	-63.319748	0.3714888	0.015617041	0.23575	9.0	1596.1193838119507
195	358.56873	231.11897	781.15546	109.21796	693.0	57.02979	12.914733	80.80538	14.3132515	784000	1.5497208e-09	521.67065	-0.009670768	-214.03754	0.3708504	0.015618973	0.15975	6.0	1604.203486442566
196	457.69427	200.59969	747.7363	184.29092	863.0	49.304726	19.282665	86.166374	-0.59578085	788000	-3.170967e-08	283.65735	-0.014508824	-54.27556	0.37007782	0.016516138	0.2565	8.0	1612.841355085373
197	458.10168	225.75365	712.6531	96.45814	779.75	52.168175	19.115309	92.24496	2.3232033	792000	-2.6226044e-09	244.02646	-0.014447718	-59.915756	0.36891	0.015178953	0.24375	9.0	1623.6322844028473
198	417.64026	190.93085	671.58356	160.90964	666.3333	56.598537	15.49569	89.67229	12.157811	796000	-1.9669534e-08	281.72345	-0.014311921	-57.03856	0.36773893	0.0182576	0.2545	7.0	1633.5165102481842
199	405.56143	104.783806	577.2252	297.74783	866.75	46.735413	15.910171	83.09033	6.8059096	800000	-1.502037e-08	341.33096	-0.009644619	-134.04025	0.36682	0.015088542	0.21075	6.0	1643.1311178207397
